0 97
1 176
2 224
3 335
4 326
5 372
6 420
7 475
8 518
9 569
10 595
11 644
12 694
13 735
14 784
15 835
16 892
17 947
18 987
19 1016
20 1065
21 1111
22 1158
23 1204
24 1248
25 1297
26 3206
27 1485
28 1539
29 1589
30 1634
31 1729
32 1756
33 1870
34 1836
35 1767
36 1811
37 1856
38 2248
39 1952
40 2602
41 2286
42 2087
43 2139
44 2180
45 2229
46 2276
47 2325
48 2376
49 2416
50 2469
51 2515
52 3175
53 2776
54 2818
55 2876
56 2920
57 2981
58 3249
59 2887
60 2934
61 2968
62 3648
63 3080
64 3163
65 3612
66 3229
67 3260
68 3305
69 3353
70 3391
71 3845
72 3724
73 3778
74 3819
75 4072
76 3672
77 3727
78 4100
79 4074
80 3864
81 3908
82 3954
83 4006
84 4049
85 4454
86 4813
87 4462
88 4516
89 4570
90 4585
91 4369
92 5208
93 4475
94 4514
95 4556
96 4603
97 4650
98 4955
99 5217
100 4819
101 5181
102 4907
103 4930
104 5704
105 5023
106 5071
107 5119
108 5164
109 5208
110 6037
111 5306
112 5365
113 5416
114 5443
115 6168
116 5794
117 5590
118 5631
119 5674
120 5721
121 6589
122 5824
123 5876
124 5917
125 6260
126 6839
127 6170
128 6776
129 6149
130 7025
131 6228
132 6290
133 6331
134 6362
135 7348
136 6451
137 6502
138 6555
139 7389
140 7252
141 6719
142 6742
143 7086
144 6841
145 6867
146 6916
147 6965
148 7858
149 7077
150 7151
151 7453
152 8140
153 7238
154 7284
155 7340
156 8196
157 7459
158 7512
159 7517
160 8517
161 7932
162 7662
163 7704
164 8231
165 7835
166 7866
167 9414
168 8046
169 7990
170 8631
171 8989
172 8180
173 8211
174 8921
175 8270
176 8305
177 8930
178 9198
179 9089
180 8521
181 9560
182 8580
183 8630
184 8673
185 9525
186 8816
187 8835
188 10395
189 9513
190 8951
191 9861
192 9088
193 9145
194 9432
195 9805
196 9821
197 9281
198 10095
199 9433
200 9437
201 10458
202 9519
203 9569
204 10468
205 9693
206 9728
207 10674
208 9783
209 9827
210 10781
211 9967
212 10609
213 10975
214 10072
215 10120
216 11256
217 10259
218 10274
219 12138
220 10345
221 10403
222 11206
223 10537
224 11198
225 10585
226 11232
227 11525
228 10767
229 10806
230 11751
231 10867
232 10903
233 12288
234 11057
235 12059
236 11077
237 11135
238 12021
239 11286
240 11885
241 12221
242 11948
243 12195
244 11521
245 11529
246 12465
247 12185
248 12419
249 11765
250 12376
251 12364
252 11819
253 12968
254 11984
255 12000
256 13192
257 12178
258 12971
259 12541
260 12206
261 13180
262 12277
263 13148
264 12451
265 12431
266 13162
267 12505
268 13389
269 12685
270 13927
271 12684
272 13086
273 13477
274 12877
275 13855
276 12922
277 14177
278 13081
279 13390
280 13714
281 13155
282 14106
283 13897
284 14270
285 13350
286 14283
287 13528
288 14435
289 14131
290 13585
291 14208
292 13709
293 14693
294 14061
295 14820
296 13932
297 14841
298 13955
299 14856
300 14707
301 15038
302 14120
303 14707
304 14321
305 15180
306 14340
307 14946
308 15004
309 14507
310 15448
311 14845
312 15529
313 14672
314 15649
315 14748
316 15671
317 14871
318 15953
319 14925
320 15836
321 15680
322 15990
323 15107
324 16057
325 15233
326 16793
327 15872
328 16217
329 15420
330 16089
331 16416
332 16209
333 16730
334 15614
335 16516
336 16402
337 16718
338 15797
339 17300
340 15952
341 17201
342 15986
343 16884
344 16130
345 17693
346 16475
347 16300
348 17236
349 16306
350 17800
351 16519
352 17485
353 16501
354 17398
355 17536
356 17418
357 17603
358 16831
359 17744
360 16819
361 17689
362 16961
363 17956
364 17885
365 17157
366 18034
367 17144
368 18658
369 17283
370 18201
371 17626
372 17485
373 19009
374 17472
375 18340
376 17595
377 19466
378 18740
379 17798
380 18640
381 18395
382 18651
383 18896
384 17933
385 19378
386 18349
387 18588
388 18899
389 18256
390 19755
391 18925
392 18746
393 19365
394 19008
395 19390
396 19461
397 18526
398 19684
399 18682
400 20075
401 34390
402 19812
403 18796
404 19709
405 20889
406 18964
407 19909
408 19718
409 19350
410 20459
411 19242
412 20211
413 20478
414 19358
415 20305
416 20316
417 20734
418 20712
419 20347
420 19668
421 21261
422 20527
423 19801
424 20738
425 21269
426 19944
427 20861
428 20772
429 20701
430 21067
431 21480
432 20230
433 21182
434 21132
435 20365
436 21881
437 21528
438 20485
439 21462
440 21969
441 21243
442 20895
443 21548
444 22293
445 20768
446 21691
447 21900
448 21553
449 21850
450 21984
451 21638
452 22124
453 22093
454 22377
455 21916
456 22261
457 22191
458 21451
459 22622
460 22339
461 21882
462 22174
463 22490
464 22653
465 21685
466 22698
467 22725
468 23830
469 22600
470 22836
471 23371
472 22818
473 22674
474 22978
475 23073
476 23663
477 22361
478 23226
479 23160
480 22456
481 22686
482 23974
483 24118
484 22569
485 23027
486 24434
487 23485
488 23744
489 22825
490 24404
491 23844
492 23790
493 23686
494 23992
495 23934
496 24118
497 23430
498 24132
499 24196
500 25015
501 23717
502 23403
503 25268
504 24814
505 24347
506 24246
507 24233
508 24639
509 25297
510 24621
511 24260
512 25216
513 25460
514 25020
515 24929
516 25374
517 25108
518 25095
519 25846
520 25833
521 24411
522 25609
523 25361
524 25555
525 25404
526 24928
527 24620
528 26144
529 25658
530 25647
531 26099
532 24858
533 25483
534 25979
535 26474
536 26039
537 25984
538 25830
539 25807
540 26124
541 26820
542 26142
543 26367
544 26016
545 25841
546 26467
547 27011
548 26598
549 26471
550 27351
551 25726
552 26716
553 26767
554 26753
555 26898
556 27384
557 26989
558 26062
559 27654
560 27412
561 27116
562 27947
563 34969
564 27949
565 28586
566 27424
567 28059
568 26616
569 26579
570 28067
571 27034
572 26993
573 27736
574 27002
575 27300
576 27503
577 27462
578 27337
579 28561
580 27434
581 27354
582 28225
583 27399
584 27327
585 27924
586 27708
587 27987
588 27724
589 28462
590 28405
591 27957
592 27895
593 29319
594 27762
595 27866
596 29437
597 28164
598 28263
599 28906
600 28341
601 28257
602 28859
603 28366
604 29169
605 28489
606 28359
607 29547
608 28667
609 28808
610 29326
611 28862
612 28890
613 29649
614 28914
615 29751
616 29586
617 29192
618 29731
619 29298
620 29719
621 30073
622 29027
623 29503
624 29131
625 29502
626 30150
627 29533
628 30351
629 30272
630 30309
631 30749
632 30382
633 31024
634 31147
635 29914
636 30041
637 30630
638 30163
639 30682
640 30269
641 30137
642 30966
643 30297
644 30444
645 30811
646 31240
647 31014
648 30612
649 30579
650 31937
651 30636
652 31485
653 30685
654 30934
655 32003
656 31037
657 31465
658 31832
659 31566
660 31783
661 31707
662 31898
663 31140
664 31436
665 31888
666 31487
667 31706
668 31528
669 31419
670 32277
671 32192
672 32017
673 31734
674 31804
675 32335
676 31939
677 32144
678 31961
679 31975
680 32659
681 32060
682 32795
683 33339
684 32262
685 32888
686 32331
687 33565
688 32118
689 32477
690 33808
691 33241
692 33811
693 33342
694 33209
695 34215
696 33405
697 33485
698 33414
699 34132
700 33658
701 33017
702 33682
703 32781
704 33934
705 33089
706 34424
707 34087
708 33398
709 33946
710 33515
711 34043
712 34374
713 34145
714 34469
715 35226
716 34972
717 34426
718 34997
719 34486
720 34200
721 34032
722 33919
723 34653
724 34109
725 34568
726 34335
727 35058
728 34337
729 34888
730 35573
731 34318
732 35107
733 34467
734 35049
735 34672
736 34533
737 35836
738 35226
739 35431
740 35002
741 36268
742 34960
743 36104
744 35136
745 35055
746 35785
747 35783
748 36444
749 36324
750 36459
751 36068
752 37119
753 35479
754 35427
755 35902
756 35585
757 36173
758 35812
759 36201
760 35760
761 36408
762 35874
763 36868
764 37293
765 36594
766 37301
767 36642
768 38163
769 36133
770 37457
771 36285
772 36917
773 37259
774 36909
775 37168
776 36814
777 37030
778 36548
779 37485
780 36819
781 37300
782 36819
783 37368
784 37555
785 37588
786 37003
787 37661
788 37006
789 37773
790 37339
791 37188
792 37289
793 37233
794 38653
795 37759
796 38067
797 37554
798 38050
799 37651
800 38604
801 38289
802 38964
803 38498
804 39787
805 40259
806 38652
807 37958
808 38861
809 37982
810 38735
811 38290
812 38917
813 38403
814 39211
815 39420
816 38392
817 38550
818 38594
819 38731
820 38538
821 39256
822 39192
823 39365
824 38858
825 39905
826 38905
827 40107
828 38973
829 39567
830 39080
831 39680
832 39016
833 39675
834 39878
835 40461
836 39436
837 40119
838 39317
839 40051
840 39747
841 40656
842 39653
843 40134
844 39587
845 40387
846 39702
847 40632
848 39948
849 40541
850 40619
851 41217
852 40653
853 40672
854 41649
855 41389
856 40344
857 41099
858 40299
859 40968
860 40329
861 40928
862 50604
863 43552
864 43327
865 41294
866 42159
867 41577
868 42011
869 41547
870 42063
871 41466
872 42352
873 41746
874 41690
875 41733
876 41812
877 41200
878 41918
879 41256
880 41937
881 41423
882 41415
883 42729
884 41539
885 42209
886 41608
887 42338
888 41678
889 42354
890 41795
891 43028
892 42505
893 42566
894 42722
895 42902
896 42184
897 43333
898 43529
899 43547
900 43444
901 57702
902 43179
903 42488
904 42987
905 42695
906 43228
907 42603
908 43236
909 44172
910 43547
911 43442
912 42810
913 43693
914 43156
915 43799
916 43690
917 43652
918 43314
919 44887
920 44154
921 43122
922 44117
923 43534
924 44015
925 43409
926 44163
927 44116
928 45010
929 43643
930 44201
931 44235
932 43891
933 45065
934 43859
935 45312
936 44017
937 45196
938 44616
939 44725
940 45298
941 44240
942 46345
943 45020
944 45436
945 44956
946 45598
947 45126
948 44503
949 46272
950 44646
951 45466
952 44640
953 45643
954 45111
955 45427
956 46238
957 44944
958 45809
959 45156
960 46458
961 45162
962 46714
963 46379
964 45941
965 46367
966 45338
967 46197
968 45526
969 46314
970 46200
971 45691
972 46922
973 45870
974 46346
975 45888
976 46612
977 46580
978 45938
979 47141
980 46635
981 46632
982 46287
983 46130
984 46822
985 47146
986 47745
987 46885
988 47847
989 47317
990 46372
991 47098
992 46621
993 47304
994 47137
995 46682
996 47850
997 47501
998 47377
999 47151
1000 47014
1001 47538
1002 47772
1003 47774
1004 47276
1005 48227
1006 48470
1007 47353
1008 48002
1009 47482
1010 48046
1011 48168
1012 48319
1013 49097
1014 47626
1015 48379
1016 48333
1017 47726
1018 48973
1019 47650
1020 48626
1021 48585
1022 48762
1023 48597
1024 48628
1025 48458
1026 50430
1027 48786
1028 49762
1029 49754
1030 49052
1031 49311
1032 48469
1033 49394
1034 49202
1035 48679
1036 49508
1037 48753
1038 50100
1039 50169
1040 49053
1041 49521
1042 49489
1043 49921
1044 49908
1045 49396
1046 50899
1047 50010
1048 49831
1049 49978
1050 49572
1051 49371
1052 50248
1053 49522
1054 50421
1055 50369
1056 49655
1057 50633
1058 49804
1059 49745
1060 51198
1061 50371
1062 51402
1063 50559
1064 50027
1065 52158
1066 51213
1067 51579
1068 52655
1069 50914
1070 50762
1071 50921
1072 50431
1073 51195
1074 51100
1075 51390
1076 51393
1077 51770
1078 50959
1079 51342
1080 51435
1081 52991
1082 52032
1083 51198
1084 52389
1085 52211
1086 51032
1087 51957
1088 51651
1089 51977
1090 52571
1091 51937
1092 52217
1093 52219
1094 51689
1095 51664
1096 52415
1097 51597
1098 52070
1099 52425
1100 52903
1101 52467
1102 52537
1103 52559
1104 53330
1105 54622
1106 52483
1107 54048
1108 52935
1109 52133
1110 52875
1111 53066
1112 52751
1113 52764
1114 53143
1115 53013
1116 53089
1117 53317
1118 52515
1119 53681
1120 54030
1121 52986
1122 54563
1123 53531
1124 53159
1125 53613
1126 53333
1127 53157
1128 53810
1129 53703
1130 53324
1131 54252
1132 53682
1133 54583
1134 55449
1135 55644
1136 54036
1137 56118
1138 55612
1139 62410
1140 55888
1141 54892
1142 55852
1143 55283
1144 56476
1145 55148
1146 54957
1147 56065
1148 56038
1149 54902
1150 55220
1151 56797
1152 55659
1153 55619
1154 55049
1155 56594
1156 55865
1157 56381
1158 57170
1159 55028
1160 56550
1161 56700
1162 56027
1163 56033
1164 56677
1165 57090
1166 56203
1167 55516
1168 56689
1169 56481
1170 56072
1171 57129
1172 56571
1173 56733
1174 57456
1175 58007
1176 56941
1177 57308
1178 56658
1179 56988
1180 56955
1181 57653
1182 57599
1183 56290
1184 56754
1185 58019
1186 57336
1187 58017
1188 57809
1189 56898
1190 56749
1191 58332
1192 57594
1193 58558
1194 58273
1195 57295
1196 57391
1197 57635
1198 58417
1199 58385
1200 57948
1201 57640
1202 57715
1203 58596
1204 58188
1205 58161
1206 59292
1207 56972
1208 57211
1209 59092
1210 58994
1211 58988
1212 73818
1213 59766
1214 58984
1215 58636
1216 58468
1217 58713
1218 58453
1219 58360
1220 59358
1221 59509
1222 59492
1223 59640
1224 59623
1225 59644
1226 60029
1227 58181
1228 59846
1229 59152
1230 59364
1231 59269
1232 60017
1233 60473
1234 59539
1235 59148
1236 60404
1237 59377
1238 59645
1239 61697
1240 60473
1241 59727
1242 60578
1243 60713
1244 60591
1245 60714
1246 60318
1247 60288
1248 59728
1249 60136
1250 60666
1251 60994
1252 61348
1253 60503
1254 60382
1255 60726
1256 61565
1257 61873
1258 60447
1259 61354
1260 60938
1261 60671
1262 60128
1263 59916
1264 61470
1265 61496
1266 61544
1267 61032
1268 62243
1269 61769
1270 61864
1271 61268
1272 62342
1273 61838
1274 62683
1275 61364
1276 62150
1277 61501
1278 61513
1279 60142
1280 60193
1281 60639
1282 60844
1283 61462
1284 60655
1285 61732
1286 61293
1287 61236
1288 61382
1289 61231
1290 61625
1291 62686
1292 60958
1293 61484
1294 61914
1295 62149
1296 61218
1297 61692
1298 62205
1299 61646
1300 61353
1301 61047
1302 61757
1303 62018
1304 62699
1305 61754
1306 62103
1307 63385
1308 63606
1309 62889
1310 62842
1311 62505
1312 62498
1313 62576
1314 62033
1315 62567
1316 62729
1317 63975
1318 62134
1319 62829
1320 63397
1321 63457
1322 62923
1323 63634
1324 63010
1325 63192
1326 63333
1327 62523
1328 62642
1329 63942
1330 63318
1331 63389
1332 62828
1333 64087
1334 63497
1335 64322
1336 63523
1337 63118
1338 64937
1339 64947
1340 65491
1341 65684
1342 64213
1343 64718
1344 64070
1345 64590
1346 64060
1347 63630
1348 64863
1349 65252
1350 65569
1351 65369
1352 63739
1353 65564
1354 65296
1355 64314
1356 64640
1357 64516
1358 65590
1359 64573
1360 65423
1361 64284
1362 64328
1363 64835
1364 64944
1365 65433
1366 65684
1367 64385
1368 65861
1369 66370
1370 66510
1371 65776
1372 65586
1373 64733
1374 65321
1375 65753
1376 65432
1377 65608
1378 66162
1379 65698
1380 66128
1381 66932
1382 67108
1383 66454
1384 66747
1385 65978
1386 65527
1387 66024
1388 66134
1389 65509
1390 66634
1391 66103
1392 66239
1393 66251
1394 66504
1395 65786
1396 67002
1397 66253
1398 67796
1399 67705
1400 67201
1401 67350
1402 67344
1403 66653
1404 66450
1405 67203
1406 66787
1407 66274
1408 67566
1409 68756
1410 68394
1411 68830
1412 66668
1413 67302
1414 67740
1415 67442
1416 67270
1417 68022
1418 67257
1419 66821
1420 68036
1421 74880
1422 68135
1423 67664
1424 68023
1425 67664
1426 67212
1427 68402
1428 69110
1429 69027
1430 69176
1431 68508
1432 67500
1433 68016
1434 68170
1435 68137
1436 68177
1437 68826
1438 67628
1439 67999
1440 69549
1441 68691
1442 69168
1443 69281
1444 68527
1445 68116
1446 68321
1447 68714
1448 68977
1449 68802
1450 69047
1451 68803
1452 69096
1453 68908
1454 69912
1455 69082
1456 70562
1457 70453
1458 86472
1459 70587
1460 71000
1461 74788
1462 70083
1463 70080
1464 69841
1465 70156
1466 69778
1467 69502
1468 70363
1469 69017
1470 71227
1471 70410
1472 69947
1473 70128
1474 70624
1475 70056
1476 69437
1477 70468
1478 70012
1479 70867
1480 70407
1481 70948
1482 70266
1483 70395
1484 71246
1485 71085
1486 72324
1487 70539
1488 71138
1489 70626
1490 71279
1491 70885
1492 70790
1493 71577
1494 70798
1495 70995
1496 72144
1497 71050
1498 71425
1499 71687
1500 71342
1501 70612
1502 71031
1503 71492
1504 71429
1505 71616
1506 71660
1507 72193
1508 71688
1509 71901
1510 71496
1511 71133
1512 73074
1513 73727
1514 72870
1515 71767
1516 72007
1517 71920
1518 72625
1519 72048
1520 72286
1521 72654
1522 72163
1523 73134
1524 72258
1525 72419
1526 73690
1527 72325
1528 72835
1529 73145
1530 73080
1531 72346
1532 73309
1533 73504
1534 73343
1535 72931
1536 72728
1537 73473
1538 72974
1539 74298
1540 74289
1541 73510
1542 73267
1543 73680
1544 73823
1545 74414
1546 74452
1547 74754
1548 74161
1549 73541
1550 74038
1551 74388
1552 74032
1553 73576
1554 74026
1555 73670
1556 73802
1557 74110
1558 73790
1559 74531
1560 74368
1561 74932
1562 74184
1563 75047
1564 74549
1565 73502
1566 75157
1567 76066
1568 75662
1569 75067
1570 74376
1571 74801
1572 75243
1573 74520
1574 74634
1575 76411
1576 76804
1577 75985
1578 74733
1579 74874
1580 74883
1581 75035
1582 75744
1583 74983
1584 75506
1585 75719
1586 75257
1587 75346
1588 75296
1589 76137
1590 75672
1591 75452
1592 76656
1593 76716
1594 76987
1595 74876
1596 75668
1597 75557
1598 76207
1599 76005
1600 76404
1601 76555
1602 75888
1603 77217
1604 76268
1605 76633
1606 77059
1607 76161
1608 76107
1609 76282
1610 76280
1611 77620
1612 77220
1613 77874
1614 77308
1615 77545
1616 78468
1617 77887
1618 78688
1619 78110
1620 78536
1621 78092
1622 78143
1623 78017
1624 78389
1625 78170
1626 79296
1627 78411
1628 79167
1629 78457
1630 78855
1631 78335
1632 79940
1633 78585
1634 79365
1635 78769
1636 79554
1637 79235
1638 79888
1639 77669
1640 80117
1641 79025
1642 79814
1643 79866
1644 80258
1645 79231
1646 80174
1647 79758
1648 79384
1649 79259
1650 79945
1651 79533
1652 79975
1653 80082
1654 79637
1655 80474
1656 79638
1657 80032
1658 79459
1659 80401
1660 79196
1661 79973
1662 79340
1663 80369
1664 79438
1665 80209
1666 79630
1667 80224
1668 79850
1669 94921
1670 80291
1671 81877
1672 80501
1673 81531
1674 80482
1675 80724
1676 81138
1677 81052
1678 81206
1679 80773
1680 82170
1681 81383
1682 81833
1683 81014
1684 81032
1685 81047
1686 80997
1687 83108
1688 81042
1689 82526
1690 81422
1691 81609
1692 82332
1693 80884
1694 82220
1695 81929
1696 83018
1697 82292
1698 81533
1699 82584
1700 82361
1701 82715
1702 81998
1703 81734
1704 83470
1705 82471
1706 82491
1707 82390
1708 82054
1709 82867
1710 82857
1711 81863
1712 83213
1713 82357
1714 83219
1715 82914
1716 83292
1717 83358
1718 81927
1719 81606
1720 81815
1721 81924
1722 89575
1723 81538
1724 82282
1725 81960
1726 82242
1727 82029
1728 82048
1729 81671
1730 81577
1731 82126
1732 81822
1733 82096
1734 82506
1735 82827
1736 82487
1737 82244
1738 82256
1739 84350
1740 85022
1741 83613
1742 83687
1743 83784
1744 83066
1745 85673
1746 83941
1747 83383
1748 83541
1749 82691
1750 84531
1751 83098
1752 83356
1753 83480
1754 83826
1755 82952
1756 83086
1757 83356
1758 83676
1759 84086
1760 83175
1761 83888
1762 83724
1763 84256
1764 85088
1765 85536
1766 83750
1767 84069
1768 83962
1769 84242
1770 83579
1771 84815
1772 85029
1773 85497
1774 84229
1775 84850
1776 84667
1777 85499
1778 84904
1779 84016
1780 84576
1781 85125
1782 85211
1783 84644
1784 87136
1785 85623
1786 85035
1787 86948
1788 85956
1789 84570
1790 84976
1791 85397
1792 85365
1793 85074
1794 85656
1795 85496
1796 84942
1797 86497
1798 85602
1799 85076
1800 85946
1801 85040
1802 85311
1803 85413
1804 85482
1805 86054
1806 85874
1807 85627
1808 85545
1809 85955
1810 87334
1811 87890
1812 86875
1813 85629
1814 86683
1815 86708
1816 85791
1817 85574
1818 86294
1819 86182
1820 86608
1821 87006
1822 86275
1823 86790
1824 87145
1825 86603
1826 86676
1827 86522
1828 87509
1829 86648
1830 86809
1831 86737
1832 87017
1833 88322
1834 89097
1835 87478
1836 86896
1837 87779
1838 87052
1839 87435
1840 87113
1841 87841
1842 87871
1843 87440
1844 87722
1845 87064
1846 88207
1847 87564
1848 87294
1849 87484
1850 88549
1851 88469
1852 87745
1853 88389
1854 87533
1855 89350
1856 104902
1857 90127
1858 89139
1859 90447
1860 89427
1861 87894
1862 88310
1863 88447
1864 89095
1865 88671
1866 88866
1867 88569
1868 89684
1869 89076
1870 88707
1871 88413
1872 88291
1873 90039
1874 88820
1875 89514
1876 88654
1877 90132
1878 90840
1879 90703
1880 90292
1881 89153
1882 89449
1883 88927
1884 89942
1885 89324
1886 89905
1887 90707
1888 89171
1889 89395
1890 90286
1891 89717
1892 90360
1893 89845
1894 89599
1895 89959
1896 89754
1897 90040
1898 89971
1899 90876
1900 91781
1901 91099
1902 89958
1903 89805
1904 91299
1905 90742
1906 90210
1907 90283
1908 90887
1909 90729
1910 90761
1911 90601
1912 91235
1913 91210
1914 90571
1915 90818
1916 90465
1917 91914
1918 90553
1919 91012
1920 90921
1921 92889
1922 93301
1923 91800
1924 91371
1925 91007
1926 91069
1927 91021
1928 91965
1929 91453
1930 92656
1931 91948
1932 92667
1933 91673
1934 92150
1935 91379
1936 91348
1937 92167
1938 92344
1939 92785
1940 92037
1941 91965
1942 91841
1943 94810
1944 94141
1945 92726
1946 92836
1947 92516
1948 92057
1949 91846
1950 93777
1951 94295
1952 93881
1953 92651
1954 93883
1955 93624
1956 93202
1957 92654
1958 92642
1959 92889
1960 93541
1961 93398
1962 92796
1963 93117
1964 94677
1965 94701
1966 93896
1967 93190
1968 93704
1969 93010
1970 93612
1971 93202
1972 94147
1973 94717
1974 93532
1975 94181
1976 93556
1977 94170
1978 93710
1979 94033
1980 94758
1981 96308
1982 95707
1983 95705
1984 96375
1985 96478
1986 96116
1987 96142
1988 98528
1989 97156
1990 95927
1991 95283
1992 95134
1993 95533
1994 96737
1995 96566
1996 96361
1997 96927
1998 96329
1999 96645
2000 96192
2001 96442
2002 96844
2003 96680
2004 96747
2005 97451
2006 97552
2007 97077
2008 96579
2009 97592
2010 100814
2011 98353
2012 97435
2013 97339
2014 98724
2015 96598
2016 97968
2017 97323
2018 98008
2019 97373
2020 97494
2021 97589
2022 97195
2023 96006
2024 96605
2025 97845
2026 99067
2027 113116
2028 97561
2029 97077
2030 98085
2031 98203
2032 97997
2033 98616
2034 98218
2035 98713
2036 98081
2037 98217
2038 99122
2039 97486
2040 98279
2041 99538
2042 98939
2043 98577
2044 98520
2045 97933
2046 99014
2047 100133
2048 107699
