0 76
1 207
2 235
3 205
4 219
5 250
6 295
7 313
8 345
9 374
10 405
11 457
12 468
13 498
14 532
15 563
16 593
17 624
18 655
19 687
20 717
21 749
22 811
23 811
24 842
25 873
26 903
27 936
28 2440
29 1067
30 1097
31 1131
32 1165
33 1198
34 1232
35 1265
36 1297
37 1332
38 1364
39 1398
40 1430
41 1464
42 1498
43 1564
44 1567
45 1601
46 1633
47 1989
48 1592
49 1623
50 1656
51 1685
52 1719
53 1747
54 1779
55 1811
56 2633
57 1997
58 2277
59 1935
60 1965
61 1997
62 2028
63 2060
64 2092
65 2122
66 2155
67 2184
68 2219
69 2247
70 2276
71 2310
72 2340
73 2372
74 2402
75 2434
76 3372
77 2663
78 2696
79 2729
80 2766
81 2801
82 2830
83 2866
84 2901
85 3311
86 2809
87 2810
88 2839
89 2871
90 2902
91 2931
92 3523
93 2996
94 3028
95 3059
96 3091
97 3120
98 3155
99 3184
100 3214
101 3245
102 3276
103 3310
104 3340
105 3370
106 4375
107 3660
108 3697
109 3728
110 3765
111 3793
112 3829
113 4011
114 3650
115 3682
116 3715
117 3744
118 4600
119 4358
120 3840
121 3873
122 3906
123 3935
124 3966
125 3995
126 4026
127 4059
128 4088
129 4911
130 4429
131 4457
132 4496
133 4531
134 4564
135 4312
136 4341
137 4372
138 4402
139 4427
140 5018
141 4496
142 4525
143 4558
144 4588
145 4619
146 5147
147 5079
148 4713
149 5429
150 5093
151 5130
152 5161
153 5194
154 5598
155 4932
156 4963
157 4994
158 5723
159 5578
160 5087
161 5118
162 5151
163 5180
164 5211
165 5246
166 5276
167 6012
168 5696
169 5726
170 5761
171 5826
172 5844
173 5493
174 5525
175 5555
176 6836
177 5620
178 5650
179 5679
180 5713
181 6669
182 5776
183 5804
184 6234
185 6258
186 6292
187 6325
188 6511
189 6501
190 6399
191 6878
192 6521
193 6120
194 6147
195 6182
196 6210
197 6241
198 6274
199 6725
200 6762
201 6791
202 7056
203 6429
204 6461
205 6490
206 7855
207 6552
208 7566
209 6617
210 6646
211 6678
212 6710
213 7190
214 7225
215 7255
216 7659
217 6864
218 6895
219 7680
220 7447
221 6990
222 7023
223 7052
224 7086
225 8038
226 7967
227 7659
228 7690
229 7712
230 7272
231 7301
232 8239
233 7365
234 7397
235 7430
236 7461
237 7490
238 8238
239 8056
240 8092
241 8124
242 8084
243 7682
244 8485
245 8211
246 7774
247 7802
248 7836
249 7867
250 9150
251 8396
252 7960
253 7989
254 8023
255 8052
256 9123
257 8658
258 8690
259 8789
260 9235
261 8886
262 8825
263 8856
264 9008
265 8367
266 8396
267 9395
268 9024
269 9057
270 9083
271 8551
272 9346
273 8616
274 8645
275 8680
276 8709
277 8742
278 9930
279 9388
280 9757
281 8864
282 8894
283 9928
284 9556
285 9758
286 9019
287 9049
288 10041
289 9724
290 9750
291 9582
292 9204
293 10401
294 9271
295 9298
296 10257
297 9363
298 10816
299 10056
300 10457
301 9488
302 9523
303 32282
304 9826
305 9855
306 10543
307 10572
308 10522
309 9736
310 10555
311 9801
312 9831
313 9864
314 9892
315 10855
316 10621
317 10994
318 10955
319 10643
320 10753
321 10783
322 10534
323 11087
324 11176
325 10920
326 11230
327 10298
328 10955
329 11223
330 10839
331 10425
332 10456
333 11557
334 11218
335 11408
336 10582
337 11392
338 11354
339 11597
340 10708
341 12266
342 11761
343 11526
344 11310
345 10863
346 12059
347 10928
348 10959
349 10987
350 12172
351 11791
352 11939
353 11115
354 12004
355 11925
356 11948
357 11239
358 12059
359 12053
360 12392
361 11361
362 13548
363 11427
364 11459
365 11487
366 12202
367 12319
368 12717
369 11615
370 12365
371 12455
372 12663
373 11740
374 12532
375 12588
376 12871
377 12738
378 13032
379 11928
380 11957
381 11988
382 13023
383 12854
384 12851
385 12112
386 13274
387 12991
388 12595
389 12240
390 13584
391 13121
392 12890
393 13069
394 12782
395 12426
396 12454
397 13322
398 13354
399 13450
400 12581
401 13736
402 13485
403 13113
404 12706
405 13670
406 13979
407 12798
408 13989
409 12866
410 13407
411 12927
412 14310
413 13850
414 13399
415 13857
416 13952
417 13806
418 13146
419 14376
420 14083
421 13717
422 15361
423 13298
424 13331
425 13362
426 14637
427 14319
428 14815
429 14521
430 14423
431 14164
432 13581
433 15052
434 14832
435 13676
436 15028
437 14667
438 13765
439 14501
440 14753
441 14986
442 13894
443 15444
444 15047
445 14508
446 15193
447 14983
448 14558
449 15241
450 14139
451 14176
452 14208
453 15187
454 15381
455 14297
456 15632
457 15526
458 14395
459 15475
460 15418
461 15959
462 16595
463 15055
464 14581
465 15457
466 15619
467 15512
468 15349
469 15717
470 15604
471 14799
472 16359
473 15971
474 14891
475 16144
476 14956
477 14983
478 16264
479 16051
480 15080
481 16281
482 16444
483 15173
484 16310
485 16251
486 16686
487 16433
488 15329
489 15358
490 16396
491 16450
492 15968
493 16533
494 16876
495 15547
496 16617
497 16648
498 16109
499 16805
500 16818
501 16664
502 17128
503 17177
504 15829
505 17161
506 17047
507 15924
508 17358
509 17239
510 16020
511 17282
512 16084
513 16114
514 17709
515 17248
516 17759
517 17321
518 16882
519 17221
520 17423
521 17029
522 17535
523 17354
524 16455
525 17656
526 17981
527 16550
528 18002
529 17655
530 17587
531 17791
532 17622
533 17626
534 16773
535 16803
536 17901
537 17992
538 17313
539 18235
540 18036
541 16989
542 18646
543 18061
544 18359
545 17117
546 17147
547 18195
548 18358
549 17617
550 18674
551 19278
552 17979
553 18527
554 18159
555 18583
556 17461
557 17492
558 18888
559 18813
560 18166
561 18793
562 18178
563 18738
564 18895
565 18683
566 18903
567 17807
568 18577
569 19061
570 18533
571 19168
572 19163
573 17993
574 19232
575 18895
576 19254
577 18119
578 19083
579 19760
580 19271
581 19110
582 19768
583 18308
584 19861
585 19533
586 19627
587 18436
588 18463
589 19814
590 20305
591 20655
592 19825
593 18616
594 20095
595 19859
596 19906
597 19686
598 18774
599 20305
600 19986
601 19715
602 20418
603 20271
604 21076
605 19909
606 20161
607 19063
608 19092
609 20911
610 19983
611 20514
612 20438
613 19903
614 20566
615 19930
616 20640
617 19375
618 20234
619 20733
620 19874
621 21204
622 21142
623 20769
624 21004
625 20311
626 19661
627 19688
628 21232
629 21070
630 21704
631 21135
632 21074
633 21202
634 21547
635 21595
636 19974
637 21173
638 21537
639 20750
640 21755
641 20128
642 21860
643 21137
644 21344
645 20256
646 22134
647 21671
648 20348
649 22222
650 21016
651 21845
652 21668
653 21659
654 20538
655 20567
656 21976
657 22163
658 22365
659 21338
660 22560
661 22425
662 21974
663 21738
664 21564
665 22270
666 21353
667 22803
668 21546
669 22768
670 22073
671 22216
672 21094
673 21944
674 22574
675 21195
676 22640
677 21255
678 23024
679 22193
680 22507
681 21382
682 22537
683 23048
684 22325
685 23078
686 22732
687 23008
688 22011
689 23762
690 21667
691 23410
692 22622
693 23261
694 22638
695 23119
696 23713
697 23005
698 21914
699 22819
700 23769
701 22837
702 23732
703 22072
704 23580
705 22660
706 23290
707 23134
708 23985
709 23142
710 23901
711 23072
712 23800
713 23539
714 23581
715 22447
716 24657
717 23901
718 24611
719 23870
720 23668
721 24196
722 23786
723 23654
724 23562
725 24537
726 23581
727 24389
728 23685
729 24702
730 23552
731 24266
732 23566
733 24546
734 23498
735 24951
736 23104
737 24682
738 23600
739 23847
740 23231
741 25303
742 23857
743 25360
744 24284
745 25512
746 23900
747 24021
748 23480
749 25562
750 24077
751 25797
752 23606
753 25216
754 25751
755 24119
756 23728
757 25348
758 24406
759 25540
760 24545
761 25788
762 25061
763 23950
764 25748
765 25768
766 25963
767 25483
768 25238
769 25618
770 25298
771 24202
772 25497
773 25878
774 26618
775 25806
776 26031
777 25421
778 25581
779 24969
780 26464
781 25160
782 26726
783 25245
784 26558
785 25815
786 24670
787 25564
788 26518
789 25847
790 26048
791 26173
792 26148
793 26152
794 24922
795 26643
796 25876
797 26962
798 26479
799 27325
800 26305
801 25139
802 26038
803 26934
804 26353
805 26477
806 26721
807 27405
808 26539
809 25392
810 27369
811 26078
812 27465
813 26391
814 27326
815 26718
816 25610
817 27977
818 26860
819 27461
820 26354
821 27818
822 26888
823 26282
824 26714
825 27657
826 28111
827 27085
828 27657
829 26923
830 27639
831 26475
832 28154
833 27060
834 27564
835 27625
836 27684
837 27396
838 26301
839 28472
840 28547
841 28071
842 27579
843 27894
844 28538
845 26523
846 28701
847 27746
848 28354
849 29760
850 28004
851 27890
852 26742
853 28852
854 28019
855 28556
856 28052
857 28736
858 30614
859 26961
860 29142
861 28035
862 28439
863 28568
864 28233
865 28268
866 28720
867 29200
868 28522
869 28517
870 29069
871 28139
872 28709
873 28241
874 29158
875 29086
876 28334
877 29564
878 28757
879 28508
880 29355
881 28905
882 29642
883 28751
884 29743
885 28949
886 27804
887 29585
888 29681
889 29789
890 29075
891 29381
892 30984
893 28028
894 29929
895 30568
896 30097
897 30191
898 29606
899 29503
900 29627
901 29541
902 30413
903 29082
904 30211
905 30992
906 28432
907 30702
908 29778
909 30013
910 30583
911 29573
912 29924
913 30850
914 30170
915 30620
916 29941
917 30762
918 29946
919 28837
920 30933
921 31338
922 30405
923 30630
924 29911
925 30681
926 30254
927 30499
928 31114
929 29955
930 31045
931 30364
932 29243
933 31608
934 31388
935 30565
936 31392
937 31096
938 30360
939 31627
940 30370
941 31429
942 31882
943 30803
944 30757
945 30640
946 31310
947 31577
948 30918
949 31675
950 32895
951 29839
952 32594
953 31253
954 30888
955 32267
956 31156
957 30025
958 32996
959 31510
960 31654
961 32934
962 31554
963 30210
964 31917
965 31309
966 32730
967 31732
968 31553
969 31678
970 32065
971 31834
972 33194
973 31620
974 32050
975 31870
976 31487
977 33274
978 32689
979 31536
980 32496
981 32840
982 31583
983 32698
984 32664
985 33252
986 32765
987 32155
988 31591
989 33006
990 32744
991 32318
992 33062
993 33237
994 31179
995 33240
996 32930
997 33688
998 33223
999 33441
1000 32271
1001 33493
1002 33964
1003 33250
1004 33360
1005 32762
1006 32476
1007 33352
1008 33615
1009 33034
1010 33289
1011 32841
1012 33727
1013 33343
1014 34271
1015 32984
1016 33271
1017 33957
1018 33263
1019 34145
1020 34531
1021 33544
1022 33097
1023 34407
1024 33863
1025 33687
1026 33775
1027 34783
1028 33868
1029 32279
1030 34451
1031 33945
1032 33574
1033 35125
1034 34491
1035 33334
1036 34618
1037 34238
1038 33823
1039 34465
1040 33771
1041 33690
1042 34250
1043 35340
1044 34081
1045 35098
1046 33935
1047 34424
1048 34501
1049 34632
1050 34883
1051 34691
1052 33919
1053 35757
1054 34854
1055 34050
1056 35262
1057 34303
1058 33923
1059 35995
1060 35700
1061 34617
1062 34540
1063 35452
1064 35075
1065 35152
1066 35058
1067 36160
1068 34772
1069 33526
1070 36685
1071 35609
1072 35210
1073 33650
1074 36242
1075 34891
1076 33744
1077 36344
1078 35080
1079 34805
1080 35638
1081 35025
1082 35378
1083 35381
1084 35414
1085 36033
1086 35919
1087 34684
1088 36814
1089 35767
1090 34988
1091 37019
1092 35354
1093 35620
1094 38394
1095 35407
1096 36690
1097 36139
1098 35377
1099 36995
1100 35591
1101 35666
1102 36216
1103 35757
1104 36495
1105 37742
1106 35598
1107 37564
1108 35897
1109 36460
1110 36848
1111 36094
1112 36722
1113 36674
1114 34932
1115 37319
1116 36652
1117 35463
1118 37164
1119 36441
1120 36506
1121 36692
1122 37547
1123 38040
1124 36368
1125 35725
1126 37576
1127 36499
1128 36795
1129 37666
1130 35846
1131 37777
1132 37151
1133 36665
1134 37544
1135 36762
1136 38055
1137 37624
1138 35683
1139 38598
1140 36880
1141 36597
1142 37829
1143 37883
1144 37698
1145 37994
1146 36857
1147 38883
1148 37037
1149 37180
1150 37538
1151 37240
1152 38337
1153 37868
1154 36579
1155 38319
1156 39172
1157 37835
1158 38558
1159 37258
1160 39207
1161 37660
1162 37576
1163 38139
1164 36967
1165 38798
1166 39078
1167 37423
1168 38654
1169 38806
1170 39718
1171 38632
1172 39267
1173 38966
1174 38005
1175 38671
1176 38970
1177 36898
1178 40125
1179 38107
1180 38486
1181 39015
1182 37988
1183 40135
1184 38286
1185 38449
1186 39038
1187 38657
1188 39858
1189 39364
1190 38495
1191 38811
1192 38843
1193 39908
1194 38572
1195 39536
1196 39008
1197 38060
1198 39972
1199 39188
1200 38705
1201 40198
1202 38365
1203 40128
1204 39422
1205 39295
1206 39348
1207 38362
1208 40531
1209 39250
1210 39080
1211 39919
1212 39387
1213 40605
1214 39223
1215 39420
1216 40212
1217 39089
1218 41182
1219 39577
1220 39720
1221 40677
1222 38311
1223 42308
1224 39516
1225 40095
1226 40662
1227 38998
1228 40837
1229 39672
1230 41608
1231 40388
1232 39548
1233 40681
1234 40740
1235 41234
1236 40828
1237 40003
1238 41047
1239 39766
1240 41989
1241 40087
1242 40611
1243 41256
1244 38995
1245 41192
1246 40265
1247 41132
1248 41962
1249 40113
1250 40837
1251 40917
1252 42576
1253 40400
1254 40739
1255 41965
1256 39368
1257 64585
1258 40692
1259 41347
1260 41636
1261 42043
1262 40744
1263 42051
1264 42906
1265 39646
1266 42207
1267 40882
1268 41940
1269 42052
1270 40972
1271 42385
1272 40875
1273 42792
1274 41119
1275 41928
1276 42018
1277 40949
1278 41930
1279 41700
1280 43132
1281 42263
1282 42032
1283 42418
1284 42125
1285 42166
1286 41747
1287 43178
1288 41575
1289 42286
1290 43578
1291 41440
1292 42619
1293 42418
1294 43579
1295 41747
1296 43660
1297 42441
1298 42135
1299 43186
1300 40747
1301 43631
1302 41957
1303 43054
1304 42634
1305 43199
1306 43404
1307 40958
1308 43678
1309 49559
1310 46597
1311 42303
1312 43443
1313 43720
1314 42703
1315 43553
1316 43821
1317 43349
1318 42069
1319 44161
1320 42701
1321 43439
1322 45350
1323 42734
1324 44236
1325 42478
1326 43895
1327 43010
1328 44557
1329 42834
1330 43559
1331 43847
1332 42834
1333 44069
1334 42548
1335 44894
1336 44911
1337 44744
1338 43137
1339 43839
1340 44101
1341 43167
1342 45740
1343 42091
1344 44629
1345 44345
1346 45014
1347 44435
1348 45380
1349 45574
1350 43870
1351 44648
1352 43215
1353 45782
1354 42430
1355 45411
1356 44627
1357 45186
1358 43750
1359 44515
1360 44504
1361 43944
1362 45406
1363 43182
1364 44839
1365 44076
1366 44941
1367 45535
1368 44084
1369 44977
1370 45733
1371 44497
1372 45492
1373 44943
1374 45480
1375 43082
1376 45712
1377 44331
1378 46067
1379 45658
1380 45566
1381 46041
1382 45225
1383 46154
1384 45704
1385 46087
1386 44257
1387 45767
1388 43969
1389 46539
1390 44761
1391 47420
1392 45753
1393 46085
1394 45275
1395 45601
1396 45974
1397 45210
1398 47326
1399 44732
1400 45730
1401 44846
1402 46282
1403 45969
1404 46762
1405 46124
1406 46992
1407 45186
1408 46310
1409 46243
1410 46071
1411 46217
1412 46165
1413 46636
1414 46277
1415 47112
1416 44977
1417 47232
1418 45336
1419 47402
1420 45618
1421 47449
1422 47047
1423 47528
1424 45795
1425 47381
1426 45775
1427 46689
1428 47545
1429 46418
1430 47870
1431 46155
1432 47407
1433 46864
1434 46602
1435 45746
1436 47055
1437 45407
1438 48300
1439 46295
1440 48044
1441 47183
1442 47951
1443 46270
1444 48164
1445 47320
1446 47696
1447 46678
1448 47497
1449 48172
1450 47327
1451 47223
1452 48141
1453 47638
1454 46986
1455 48084
1456 46792
1457 49294
1458 47669
1459 48290
1460 47590
1461 48868
1462 47428
1463 48350
1464 45865
1465 48124
1466 46382
1467 48738
1468 47490
1469 48927
1470 48126
1471 49794
1472 47306
1473 49075
1474 47312
1475 49892
1476 47322
1477 49202
1478 48329
1479 49110
1480 47597
1481 49792
1482 48416
1483 49224
1484 47566
1485 48996
1486 48587
1487 49068
1488 48759
1489 48998
1490 47779
1491 49991
1492 49526
1493 49082
1494 48484
1495 49070
1496 48053
1497 49087
1498 48566
1499 50060
1500 48528
1501 49137
1502 48759
1503 49147
1504 49725
1505 49211
1506 49867
1507 49306
1508 48745
1509 51327
1510 48908
1511 49494
1512 49378
1513 49582
1514 50117
1515 49740
1516 49611
1517 49877
1518 48693
1519 51439
1520 48835
1521 50189
1522 49241
1523 50475
1524 49848
1525 51023
1526 49380
1527 50608
1528 49071
1529 50819
1530 49042
1531 51154
1532 49077
1533 51864
1534 50067
1535 50826
1536 49727
1537 51174
1538 49283
1539 50962
1540 49319
1541 51647
1542 49332
1543 50910
1544 51381
1545 51581
1546 50259
1547 51231
1548 49546
1549 51345
1550 49795
1551 52959
1552 50123
1553 50942
1554 51341
1555 50569
1556 50706
1557 50635
1558 51892
1559 51867
1560 51341
1561 51137
1562 51740
1563 50114
1564 52823
1565 50145
1566 51790
1567 50312
1568 52069
1569 50360
1570 51921
1571 51063
1572 52457
1573 50151
1574 52366
1575 50440
1576 53166
1577 50846
1578 52535
1579 51269
1580 51552
1581 52635
1582 52109
1583 52133
1584 50715
1585 52577
1586 51700
1587 52633
1588 51800
1589 52524
1590 51448
1591 52682
1592 50631
1593 52738
1594 52007
1595 52629
1596 52475
1597 52142
1598 53065
1599 51864
1600 52880
1601 51238
1602 53653
1603 51315
1604 53013
1605 52436
1606 53750
1607 52343
1608 53396
1609 51498
1610 53135
1611 52049
1612 53553
1613 52621
1614 53205
1615 53351
1616 51722
1617 53567
1618 51763
1619 53548
1620 51975
1621 53754
1622 52112
1623 54650
1624 53370
1625 53251
1626 52974
1627 52635
1628 53549
1629 53075
1630 53843
1631 53098
1632 54141
1633 53282
1634 54396
1635 52474
1636 53961
1637 53083
1638 53789
1639 53769
1640 54373
1641 54249
1642 52629
1643 55421
1644 52642
1645 54635
1646 52785
1647 55104
1648 53493
1649 53534
1650 55180
1651 52793
1652 54516
1653 52841
1654 55665
1655 52579
1656 54813
1657 54338
1658 54232
1659 55070
1660 53097
1661 54935
1662 54038
1663 55779
1664 52912
1665 55408
1666 54488
1667 53596
1668 55176
1669 54085
1670 55555
1671 53535
1672 55290
1673 54426
1674 54623
1675 55510
1676 55087
1677 54516
1678 54366
1679 55535
1680 54645
1681 55410
1682 53785
1683 55989
1684 55913
1685 55698
1686 55904
1687 54559
1688 55653
1689 54014
1690 55880
1691 55104
1692 56051
1693 54624
1694 56028
1695 55882
1696 54668
1697 56104
1698 55255
1699 56556
1700 55553
1701 55752
1702 55827
1703 54423
1704 56270
1705 55503
1706 56779
1707 55453
1708 57163
1709 55586
1710 55146
1711 56523
1712 54717
1713 56403
1714 55067
1715 56687
1716 56483
1717 55583
1718 57607
1719 55869
1720 57548
1721 55447
1722 56831
1723 55770
1724 56714
1725 57877
1726 55158
1727 56849
1728 60477
1729 57971
1730 56640
1731 56335
1732 57228
1733 55336
1734 57570
1735 55765
1736 56726
1737 57162
1738 56433
1739 57459
1740 57137
1741 57642
1742 56333
1743 56887
1744 57345
1745 57032
1746 57725
1747 57186
1748 57617
1749 58035
1750 56567
1751 57703
1752 56622
1753 59186
1754 56980
1755 80192
1756 58861
1757 56498
1758 57256
1759 57581
1760 56255
1761 57916
1762 59121
1763 58154
1764 58340
1765 56821
1766 58217
1767 56472
1768 59608
1769 57023
1770 58612
1771 58216
1772 56584
1773 59539
1774 56705
1775 58189
1776 57927
1777 56975
1778 58492
1779 58462
1780 58806
1781 57720
1782 57609
1783 60659
1784 56964
1785 59502
1786 57677
1787 58013
1788 59749
1789 57243
1790 60058
1791 57566
1792 59205
1793 59086
1794 59201
1795 59751
1796 57849
1797 58693
1798 59058
1799 57455
1800 59823
1801 57586
1802 59732
1803 60362
1804 58293
1805 59964
1806 57841
1807 60134
1808 59388
1809 58774
1810 60205
1811 58995
1812 58989
1813 59700
1814 57937
1815 61201
1816 59088
1817 59804
1818 59696
1819 58068
1820 60980
1821 58443
1822 59420
1823 60084
1824 60035
1825 61891
1826 59805
1827 59365
1828 60087
1829 59452
1830 61478
1831 59289
1832 59897
1833 60337
1834 60265
1835 60353
1836 60716
1837 58632
1838 60794
1839 59026
1840 60300
1841 61322
1842 58909
1843 61695
1844 59189
1845 60858
1846 60730
1847 59880
1848 61146
1849 60840
1850 59810
1851 60729
1852 59936
1853 62950
1854 60793
1855 60482
1856 61913
1857 60621
1858 61764
1859 61256
1860 59419
1861 61384
1862 60407
1863 60967
1864 61136
1865 59883
1866 62058
1867 61737
1868 59870
1869 62511
1870 60784
1871 60346
1872 62480
1873 60589
1874 61500
1875 62130
1876 61738
1877 62652
1878 61494
1879 60915
1880 61672
1881 60936
1882 61907
1883 61682
1884 60230
1885 63014
1886 61615
1887 61255
1888 62140
1889 60961
1890 62944
1891 61670
1892 61335
1893 62819
1894 61954
1895 61414
1896 63018
1897 61387
1898 63297
1899 62187
1900 61684
1901 63583
1902 61527
1903 61247
1904 63044
1905 61366
1906 63269
1907 62653
1908 62702
1909 62724
1910 62277
1911 60985
1912 64589
1913 62076
1914 62970
1915 62759
1916 63162
1917 62667
1918 62768
1919 61331
1920 64329
1921 62516
1922 62312
1923 64291
1924 62012
1925 62210
1926 63235
1927 62742
1928 63737
1929 63360
1930 63081
1931 63573
1932 62969
1933 61702
1934 65295
1935 62523
1936 64398
1937 63932
1938 63211
1939 63079
1940 63470
1941 62870
1942 63580
1943 63612
1944 63545
1945 64156
1946 64584
1947 63073
1948 65999
1949 63273
1950 63035
1951 65159
1952 63891
1953 62934
1954 64139
1955 63000
1956 64760
1957 64579
1958 64716
1959 63821
1960 65201
1961 63246
1962 64355
1963 64363
1964 62643
1965 66209
1966 65169
1967 62721
1968 65590
1969 63827
1970 64197
1971 65556
1972 64268
1973 64503
1974 65390
1975 63737
1976 63801
1977 66503
1978 64129
1979 64972
1980 64749
1981 64079
1982 64337
1983 64874
1984 65386
1985 64876
1986 64909
1987 65475
1988 64903
1989 65022
1990 64263
1991 66169
1992 65458
1993 65444
1994 65369
1995 66199
1996 64326
1997 65593
1998 65313
1999 65318
2000 66163
2001 66393
2002 64395
2003 66932
2004 66546
2005 64724
2006 67066
2007 65596
2008 65493
2009 66109
2010 65663
2011 64173
2012 68138
2013 66617
2014 65795
2015 66122
2016 66958
2017 65510
2018 66283
2019 65974
2020 66005
2021 66300
2022 67903
2023 65568
2024 66204
2025 68088
2026 65547
2027 67155
2028 66236
2029 66935
2030 66086
2031 66319
2032 65986
2033 67021
2034 66462
2035 66825
2036 66032
2037 68518
2038 65056
2039 67761
2040 65923
2041 66829
2042 67029
2043 66136
2044 67580
2045 67054
2046 67429
2047 66514
2048 67188
