0 4765
1 4826
2 5797
3 4888
4 4917
5 5041
6 4894
7 5583
8 5014
9 5263
10 5357
11 5359
12 5275
13 5540
14 5602
15 5670
16 5852
17 6074
18 5945
19 5861
20 5976
21 6074
22 6510
23 6135
24 6132
25 6345
26 6265
27 6369
28 6514
29 6390
30 6491
31 6655
32 6782
33 6750
34 6987
35 6882
36 6766
37 7275
38 6965
39 6990
40 7084
41 7123
42 6944
43 7206
44 7180
45 7370
46 7443
47 7249
48 7419
49 7762
50 7607
51 7742
52 7659
53 7767
54 7722
55 7947
56 8084
57 7897
58 7991
59 8103
60 8184
61 8268
62 8104
63 8273
64 8500
65 8494
66 8609
67 8749
68 8608
69 8666
70 8847
71 9103
72 8957
73 8730
74 8918
75 8895
76 9308
77 9051
78 9076
79 9135
80 9303
81 9360
82 9197
83 9265
84 9265
85 9620
86 9483
87 9475
88 9591
89 9750
90 9812
91 9712
92 9664
93 9965
94 9972
95 9940
96 9917
97 10247
98 10345
99 10743
100 10518
101 10418
102 10288
103 10429
104 10594
105 10629
106 10836
107 10793
108 10374
109 10424
110 10650
111 10629
112 10912
113 10753
114 10766
115 10804
116 10886
117 10618
118 10621
119 10837
120 10994
121 11110
122 11150
123 11056
124 11456
125 11100
126 11603
127 11515
128 11542
129 11599
130 11822
131 11804
132 11706
133 12299
134 12466
135 12767
136 12534
137 12671
138 12728
139 12892
140 12619
141 12777
142 12889
143 13124
144 12753
145 13050
146 13276
147 12724
148 12892
149 13589
150 13136
151 13165
152 13139
153 13689
154 13380
155 13771
156 13264
157 13643
158 13626
159 13724
160 13900
161 13614
162 13580
163 13522
164 13816
165 14089
166 13948
167 13979
168 14205
169 14375
170 14702
171 14322
172 14997
173 14679
174 14640
175 14868
176 15093
177 14627
178 15135
179 15184
180 14749
181 15270
182 15147
183 14754
184 14851
185 15154
186 15117
187 15405
188 15704
189 14958
190 15525
191 15342
192 15573
193 15914
194 15667
195 15711
196 15626
197 16056
198 15766
199 16159
200 15882
201 15737
202 16131
203 16309
204 16482
205 16810
206 16443
207 16518
208 16878
209 16571
210 16752
211 16664
212 16825
213 17232
214 16929
215 17036
216 17061
217 16749
218 16613
219 16942
220 17326
221 16993
222 17209
223 17011
224 17309
225 17493
226 17760
227 17504
228 17406
229 18034
230 17456
231 17443
232 17553
233 17766
234 18509
235 17950
236 17934
237 18391
238 18595
239 17803
240 18566
241 18796
242 18912
243 18770
244 18973
245 18910
246 18950
247 19103
248 18956
249 19316
250 19046
251 18880
252 19431
253 19256
254 19197
255 19394
256 19464
257 19454
258 19834
259 19686
260 19829
261 19696
262 19304
263 19912
264 19933
265 19727
266 19890
267 20001
268 20425
269 20058
270 20732
271 20327
272 20381
273 20868
274 20612
275 20931
276 20726
277 21019
278 20997
279 21194
280 20325
281 21332
282 21389
283 20787
284 20529
285 21080
286 20935
287 21373
288 21464
289 21203
290 20835
291 21364
292 22051
293 21478
294 21521
295 21539
296 21640
297 21521
298 21896
299 21617
300 21706
301 22344
302 22129
303 22556
304 22443
305 22187
306 22459
307 22545
308 22309
309 22551
310 22517
311 22351
312 22965
313 22599
314 22461
315 22484
316 23083
317 23277
318 22829
319 23157
320 23203
321 23343
322 23274
323 23446
324 23297
325 23520
326 22941
327 23271
328 23239
329 23453
330 23808
331 23744
332 23375
333 23350
334 24016
335 24296
336 23857
337 24158
338 24361
339 24742
340 24505
341 24518
342 24986
343 24747
344 24873
345 25377
346 25671
347 24971
348 25257
349 25145
350 25191
351 25010
352 25536
353 25215
354 25053
355 25542
356 25387
357 25652
358 25574
359 25559
360 25601
361 25314
362 25952
363 26002
364 25915
365 26115
366 26256
367 26330
368 26704
369 26449
370 26296
371 26578
372 26805
373 26841
374 26997
375 26794
376 27116
377 27045
378 26924
379 27074
380 27084
381 27202
382 27093
383 27099
384 27075
385 27392
386 27524
387 27428
388 27325
389 27368
390 27216
391 27334
392 27468
393 27624
394 27703
395 27663
396 27782
397 27510
398 27792
399 28031
400 28462
401 28567
402 28476
403 28353
404 28896
405 28427
406 28789
407 28682
408 28813
409 28815
410 28770
411 29109
412 29257
413 29409
414 28950
415 29362
416 28995
417 29367
418 29272
419 29138
420 29597
421 29489
422 29198
423 29491
424 29412
425 30027
426 29819
427 29317
428 29877
429 29880
430 30029
431 29824
432 30092
433 29723
434 30273
435 30322
436 30267
437 30496
438 30656
439 30857
440 30534
441 31160
442 31181
443 30601
444 30823
445 30743
446 31256
447 31143
448 30480
449 31169
450 31204
451 31252
452 30911
453 31295
454 31191
455 31323
456 31406
457 31318
458 31351
459 31433
460 31676
461 31181
462 31541
463 31616
464 31802
465 31891
466 31409
467 31988
468 31855
469 32431
470 32351
471 32581
472 32697
473 32887
474 32881
475 33055
476 32498
477 33120
478 33043
479 32824
480 32948
481 33169
482 33098
483 32942
484 33327
485 33359
486 33197
487 33476
488 33587
489 33167
490 32972
491 33026
492 33266
493 33573
494 33985
495 34227
496 33110
497 33465
498 33958
499 34610
500 34399
501 34574
502 34222
503 34482
504 33957
505 34513
506 35037
507 34351
508 34982
509 34338
510 35058
511 34712
512 34704
513 34875
514 35435
515 35627
516 35077
517 35175
518 35202
519 35163
520 35255
521 34923
522 35673
523 35603
524 35249
525 35455
526 35209
527 35725
528 35584
529 35551
530 36011
531 35654
532 36327
533 35823
534 36162
535 36097
536 36468
537 35914
538 36050
539 36382
540 36187
541 36508
542 36617
543 36781
544 36907
545 37070
546 36937
547 36852
548 36985
549 74338
550 37438
551 37137
552 37496
553 36836
554 37638
555 37160
556 37229
557 37488
558 37978
559 37339
560 37883
561 37647
562 37978
563 37783
564 38110
565 38445
566 38640
567 37890
568 38136
569 38447
570 38782
571 37910
572 38341
573 38606
574 38811
575 38706
576 38984
577 39130
578 38956
579 38806
580 39251
581 39148
582 39144
583 39139
584 39384
585 39134
586 39269
587 39254
588 39466
589 39530
590 39190
591 39651
592 39558
593 39653
594 39708
595 39875
596 39779
597 39576
598 39821
599 40410
600 39971
601 40375
602 40269
603 40400
604 40560
605 40910
606 40794
607 41126
608 40857
609 40840
610 40670
611 40357
612 40891
613 40967
614 41163
615 41264
616 41050
617 41268
618 41304
619 41076
620 41096
621 40942
622 41485
623 41180
624 41248
625 41629
626 41242
627 41820
628 41598
629 41661
630 42310
631 42311
632 42082
633 42281
634 42475
635 42833
636 42853
637 43069
638 42786
639 43097
640 42770
641 42790
642 42836
643 42863
644 43045
645 43153
646 43592
647 43540
648 43343
649 43220
650 43243
651 43353
652 43409
653 43614
654 44071
655 43657
656 43460
657 43839
658 44054
659 43607
660 43744
661 63952
662 43937
663 44289
664 44052
665 44134
666 44620
667 44548
668 44494
669 44820
670 44446
671 44697
672 44843
673 44732
674 44776
675 44915
676 44988
677 45004
678 45384
679 45326
680 45268
681 45225
682 44907
683 45184
684 45327
685 45171
686 45412
687 44816
688 45391
689 45529
690 45330
691 45403
692 45368
693 45614
694 47002
695 45722
696 46094
697 45973
698 46965
699 46328
700 46471
701 46349
702 46277
703 46222
704 46365
705 46705
706 46666
707 46721
708 46490
709 46690
710 46422
711 46483
712 46280
713 46906
714 46802
715 46745
716 46919
717 46776
718 46796
719 46830
720 46973
721 46652
722 47040
723 47142
724 46997
725 47281
726 47758
727 47277
728 47467
729 47043
730 47677
731 48376
732 47888
733 48143
734 47752
735 48301
736 48359
737 48515
738 48424
739 48338
740 49065
741 48424
742 48216
743 48948
744 48311
745 48605
746 48794
747 48717
748 48991
749 49299
750 48829
751 49115
752 48996
753 49052
754 48929
755 48560
756 49187
757 49405
758 49318
759 49349
760 49761
761 49378
762 49531
763 49540
764 49831
765 49262
766 50218
767 49580
768 50193
769 50109
770 49789
771 49927
772 49527
773 50067
774 50417
775 50347
776 50079
777 50229
778 49834
779 50515
780 50440
781 50103
782 50716
783 51012
784 50840
785 50629
786 50680
787 50351
788 50718
789 50850
790 50854
791 50565
792 51160
793 51183
794 51179
795 51668
796 51107
797 51426
798 51547
799 51581
800 51978
801 52102
802 51887
803 52017
804 52285
805 51927
806 52112
807 52479
808 52747
809 52232
810 58588
811 52438
812 52520
813 52581
814 52754
815 52259
816 52630
817 53081
818 52721
819 52900
820 52963
821 53113
822 53378
823 53544
824 52990
825 53185
826 52949
827 52950
828 53530
829 53556
830 53518
831 53317
832 54032
833 53788
834 53556
835 53954
836 53890
837 53889
838 54013
839 54363
840 54369
841 53925
842 54326
843 53421
844 53701
845 54320
846 54381
847 54510
848 54522
849 53805
850 54751
851 54338
852 54012
853 54771
854 54696
855 54752
856 54458
857 54296
858 55025
859 54768
860 55250
861 54678
862 55430
863 55063
864 55510
865 54992
866 55525
867 55672
868 55808
869 55784
870 55564
871 56162
872 56088
873 55887
874 56056
875 56325
876 56435
877 56794
878 55878
879 56117
880 56313
881 56484
882 56686
883 56105
884 56675
885 56063
886 56899
887 56362
888 57487
889 57100
890 56852
891 56830
892 57257
893 56505
894 57444
895 57247
896 57827
897 57747
898 57727
899 57505
900 57608
901 57394
902 57941
903 57952
904 58282
905 58189
906 58260
907 58461
908 58282
909 58529
910 58293
911 58524
912 58420
913 58446
914 58506
915 58746
916 58615
917 58832
918 58598
919 58682
920 59056
921 58850
922 59228
923 58965
924 58908
925 58902
926 59053
927 59445
928 59193
929 59492
930 59480
931 59773
932 59231
933 59495
934 60211
935 59529
936 59847
937 59768
938 59962
939 59967
940 59930
941 60050
942 59849
943 60446
944 60732
945 60169
946 60178
947 59787
948 60275
949 60585
950 60145
951 60269
952 60622
953 60249
954 60823
955 60326
956 60332
957 60691
958 60858
959 60891
960 61275
961 60811
962 60998
963 61593
964 60869
965 61515
966 61566
967 61237
968 62180
969 62018
970 61743
971 61945
972 62571
973 61605
974 62259
975 61657
976 62416
977 62188
978 62212
979 61925
980 62432
981 61834
982 62336
983 62498
984 62469
985 62962
986 62097
987 62731
988 63173
989 62640
990 63143
991 62812
992 62625
993 62929
994 62933
995 63438
996 63151
997 63232
998 63195
999 63578
1000 63994
1001 63637
1002 63836
1003 63843
1004 64198
1005 63870
1006 64172
1007 63915
1008 63250
1009 64226
1010 64030
1011 64289
1012 101628
1013 64458
1014 64762
1015 64754
1016 64424
1017 64498
1018 63105
1019 64420
1020 64689
1021 64783
1022 64867
1023 64612
1024 64971
1025 64938
1026 65016
1027 65043
1028 65150
1029 65281
1030 65195
1031 65366
1032 65295
1033 65353
1034 65418
1035 65411
1036 65474
1037 65929
1038 65278
1039 65444
1040 65870
1041 65769
1042 65522
1043 65879
1044 65809
1045 65609
1046 65696
1047 66173
1048 64805
1049 66063
1050 66286
1051 66150
1052 66285
1053 65919
1054 66198
1055 65979
1056 66316
1057 66171
1058 66314
1059 66242
1060 66978
1061 66783
1062 67359
1063 66962
1064 67456
1065 67688
1066 67375
1067 67719
1068 67662
1069 67469
1070 68087
1071 68049
1072 68287
1073 67932
1074 67985
1075 68034
1076 68242
1077 68217
1078 68134
1079 68276
1080 67982
1081 88093
1082 68455
1083 68318
1084 68547
1085 68373
1086 68842
1087 68903
1088 68304
1089 68158
1090 68429
1091 68569
1092 69178
1093 69004
1094 69226
1095 68891
1096 68722
1097 69094
1098 69248
1099 68840
1100 69426
1101 69189
1102 69241
1103 69163
1104 69770
1105 69579
1106 69389
1107 69894
1108 69673
1109 69845
1110 69014
1111 70428
1112 70178
1113 69807
1114 70404
1115 69826
1116 69719
1117 70191
1118 69573
1119 69893
1120 70661
1121 70017
1122 70418
1123 70471
1124 70563
1125 70232
1126 69978
1127 70824
1128 71058
1129 70891
1130 70808
1131 71222
1132 70854
1133 71252
1134 71211
1135 71017
1136 71413
1137 71192
1138 71814
1139 71272
1140 71494
1141 71484
1142 71433
1143 70814
1144 71659
1145 72132
1146 71965
1147 71858
1148 72207
1149 71903
1150 72153
1151 72627
1152 72186
1153 72452
1154 72313
1155 71961
1156 72495
1157 72773
1158 72379
1159 72491
1160 72786
1161 74037
1162 73411
1163 73287
1164 72577
1165 72799
1166 73493
1167 73293
1168 73897
1169 73558
1170 73793
1171 73184
1172 73754
1173 73162
1174 73630
1175 73359
1176 74177
1177 73581
1178 73652
1179 73571
1180 73985
1181 73679
1182 74385
1183 74062
1184 73631
1185 74235
1186 73969
1187 74059
1188 73984
1189 74254
1190 73825
1191 74286
1192 74701
1193 74946
1194 73884
1195 74713
1196 74590
1197 74901
1198 74277
1199 75061
1200 75110
1201 74961
1202 75098
1203 75191
1204 75674
1205 75836
1206 75511
1207 75335
1208 75270
1209 75170
1210 75344
1211 75755
1212 75707
1213 75577
1214 75750
1215 75728
1216 75809
1217 75959
1218 76203
1219 75923
1220 76277
1221 76121
1222 76411
1223 75770
1224 76615
1225 76336
1226 76636
1227 76791
1228 76870
1229 76978
1230 76529
1231 81061
1232 77309
1233 77098
1234 77478
1235 77284
1236 77532
1237 77747
1238 77448
1239 77176
1240 77536
1241 77128
1242 77305
1243 77742
1244 77742
1245 77681
1246 77834
1247 77616
1248 77427
1249 77405
1250 78098
1251 77646
1252 77757
1253 77642
1254 78284
1255 77960
1256 77746
1257 77521
1258 78326
1259 78624
1260 78966
1261 78238
1262 78811
1263 78787
1264 78888
1265 79447
1266 79120
1267 78959
1268 79436
1269 79128
1270 79449
1271 79332
1272 78994
1273 79255
1274 79181
1275 79494
1276 79353
1277 79779
1278 79602
1279 79674
1280 80193
1281 79854
1282 79734
1283 79662
1284 80182
1285 80382
1286 80357
1287 80515
1288 80395
1289 80168
1290 79700
1291 80463
1292 80370
1293 80098
1294 80220
1295 80699
1296 80440
1297 81296
1298 81221
1299 80599
1300 80297
1301 81544
1302 81179
1303 80813
1304 81460
1305 81042
1306 80783
1307 81823
1308 81625
1309 81440
1310 81408
1311 81033
1312 81481
1313 81093
1314 81443
1315 82803
1316 81489
1317 82247
1318 81651
1319 82309
1320 81711
1321 82169
1322 82021
1323 82322
1324 81984
1325 82596
1326 82165
1327 82791
1328 83377
1329 82909
1330 83451
1331 82180
1332 82965
1333 83671
1334 83230
1335 83538
1336 83781
1337 83203
1338 83892
1339 84074
1340 83398
1341 83636
1342 83893
1343 83956
1344 83186
1345 83873
1346 84264
1347 84101
1348 83941
1349 83751
1350 84042
1351 84385
1352 84711
1353 83461
1354 84421
1355 84267
1356 84408
1357 85234
1358 84543
1359 84053
1360 84787
1361 85048
1362 84721
1363 84984
1364 85455
1365 84783
1366 85331
1367 84519
1368 84709
1369 85212
1370 85293
1371 85198
1372 85347
1373 85267
1374 86126
1375 85787
1376 85566
1377 84495
1378 85450
1379 85438
1380 85453
1381 85718
1382 85269
1383 85476
1384 85692
1385 85548
1386 86074
1387 87080
1388 106035
1389 86272
1390 85819
1391 86797
1392 85715
1393 86160
1394 86783
1395 86889
1396 87314
1397 86222
1398 86870
1399 86747
1400 86469
1401 87214
1402 86638
1403 86964
1404 95483
1405 86702
1406 86755
1407 86951
1408 87276
1409 95137
1410 87389
1411 87314
1412 110415
1413 87337
1414 86477
1415 87300
1416 87423
1417 101794
1418 87140
1419 87513
1420 86663
1421 87933
1422 87345
1423 88233
1424 88190
1425 87616
1426 87338
1427 88039
1428 88751
1429 87598
1430 88294
1431 88149
1432 88541
1433 88793
1434 88160
1435 88579
1436 88718
1437 88984
1438 88960
1439 87694
1440 88599
1441 88704
1442 88899
1443 89057
1444 88594
1445 88330
1446 88984
1447 89687
1448 88618
1449 89283
1450 90323
1451 88682
1452 89986
1453 89472
1454 89408
1455 89976
1456 125057
1457 89274
1458 89912
1459 90575
1460 90432
1461 89245
1462 90195
1463 90770
1464 90465
1465 90251
1466 90533
1467 90397
1468 90717
1469 89837
1470 90354
1471 90521
1472 90536
1473 90690
1474 90457
1475 90417
1476 91122
1477 91181
1478 91262
1479 91848
1480 90869
1481 91042
1482 91288
1483 91024
1484 91238
1485 90386
1486 91642
1487 91571
1488 91429
1489 91291
1490 91536
1491 92031
1492 91762
1493 91749
1494 91835
1495 91592
1496 92005
1497 91806
1498 91682
1499 92146
1500 92458
1501 91967
1502 92110
1503 92669
1504 92255
1505 91923
1506 92231
1507 92560
1508 92106
1509 91772
1510 92795
1511 92174
1512 93106
1513 92640
1514 92451
1515 93095
1516 93161
1517 93022
1518 92884
1519 92438
1520 92710
1521 93763
1522 93265
1523 93617
1524 93616
1525 93277
1526 93428
1527 94031
1528 94049
1529 94156
1530 94669
1531 94542
1532 94286
1533 94460
1534 94518
1535 94103
1536 94506
1537 94470
1538 94346
1539 94371
1540 95059
1541 94844
1542 94495
1543 94733
1544 95274
1545 96187
1546 94749
1547 95433
1548 95223
1549 95892
1550 95174
1551 95322
1552 95468
1553 95219
1554 94829
1555 95430
1556 95233
1557 95872
1558 95600
1559 95407
1560 94536
1561 95199
1562 96165
1563 96529
1564 95795
1565 95621
1566 95507
1567 95117
1568 95661
1569 95869
1570 96574
1571 96321
1572 96644
1573 96300
1574 95782
1575 95892
1576 95134
1577 96628
1578 96338
1579 96923
1580 96313
1581 96156
1582 96710
1583 96624
1584 96684
1585 96391
1586 96530
1587 97170
1588 97823
1589 97071
1590 96890
1591 96964
1592 97468
1593 97753
1594 97061
1595 97025
1596 98093
1597 97927
1598 97293
1599 98299
1600 98205
1601 97631
1602 98580
1603 97134
1604 98496
1605 98841
1606 97382
1607 97489
1608 98536
1609 98662
1610 97343
1611 98621
1612 98525
1613 99158
1614 99179
1615 98570
1616 99660
1617 98853
1618 99108
1619 98869
1620 99613
1621 99303
1622 99755
1623 99911
1624 99394
1625 99722
1626 99517
1627 99421
1628 99717
1629 99032
1630 100019
1631 98907
1632 99488
1633 99399
1634 99123
1635 100166
1636 100111
1637 100184
1638 100336
1639 99778
1640 100006
1641 115772
1642 100601
1643 99265
1644 99855
1645 99968
1646 101291
1647 99525
1648 100909
1649 100637
1650 100321
1651 100442
1652 101054
1653 100539
1654 101289
1655 101272
1656 101707
1657 101272
1658 100790
1659 100826
1660 101600
1661 101132
1662 101586
1663 101885
1664 101890
1665 101841
1666 107229
1667 101475
1668 102117
1669 101931
1670 102014
1671 101458
1672 101621
1673 102729
1674 102104
1675 101904
1676 102843
1677 103054
1678 102613
1679 102037
1680 102048
1681 102184
1682 101639
1683 102506
1684 102215
1685 102938
1686 102497
1687 103433
1688 102819
1689 102637
1690 102638
1691 103101
1692 102950
1693 103311
1694 103470
1695 103449
1696 103299
1697 104046
1698 103307
1699 103321
1700 103716
1701 103283
1702 103509
1703 103481
1704 103747
1705 103922
1706 103785
1707 103381
1708 104619
1709 103215
1710 103969
1711 104046
1712 104380
1713 104086
1714 104783
1715 104460
1716 105018
1717 105060
1718 104980
1719 104836
1720 104396
1721 105992
1722 105448
1723 104942
1724 105067
1725 104239
1726 105579
1727 105023
1728 105881
1729 104758
1730 105515
1731 105604
1732 105776
1733 106161
1734 105535
1735 105521
1736 106655
1737 106123
1738 106154
1739 106254
1740 105765
1741 106199
1742 105815
1743 106482
1744 106043
1745 105972
1746 106559
1747 107154
1748 107581
1749 107131
1750 106903
1751 107014
1752 106596
1753 106767
1754 107254
1755 107165
1756 107310
1757 107369
1758 106920
1759 106452
1760 106559
1761 107130
1762 107611
1763 107695
1764 107823
1765 107805
1766 108092
1767 107896
1768 107390
1769 106509
1770 107616
1771 107848
1772 107840
1773 107265
1774 107668
1775 108006
1776 107823
1777 107388
1778 108285
1779 107333
1780 107886
1781 107932
1782 107821
1783 108254
1784 108003
1785 108429
1786 109444
1787 108852
1788 107927
1789 109454
1790 108834
1791 109568
1792 108938
1793 109403
1794 109496
1795 108440
1796 109000
1797 108437
1798 109118
1799 108931
1800 110371
1801 110010
1802 110240
1803 110543
1804 110182
1805 110192
1806 111016
1807 110437
1808 111026
1809 111696
1810 109842
1811 110931
1812 111685
1813 111437
1814 111236
1815 110657
1816 110056
1817 110481
1818 110938
1819 111181
1820 111530
1821 110678
1822 111428
1823 112105
1824 110719
1825 111384
1826 111451
1827 111681
1828 111225
1829 111226
1830 110494
1831 111387
1832 111043
1833 111258
1834 111174
1835 111840
1836 112150
1837 111096
1838 111753
1839 112686
1840 111974
1841 128150
1842 126522
1843 114914
1844 112486
1845 111627
1846 111689
1847 111828
1848 112166
1849 112068
1850 111596
1851 112695
1852 112854
1853 113202
1854 112321
1855 112996
1856 113575
1857 112609
1858 113064
1859 113313
1860 112463
1861 113305
1862 114017
1863 147389
1864 114115
1865 113334
1866 114657
1867 113605
1868 114263
1869 114059
1870 114457
1871 114648
1872 114723
1873 114140
1874 114074
1875 114133
1876 114415
1877 114303
1878 114442
1879 115145
1880 114594
1881 114239
1882 115774
1883 114960
1884 114669
1885 115124
1886 114395
1887 115275
1888 115966
1889 115115
1890 115675
1891 114763
1892 115096
1893 116019
1894 115209
1895 115281
1896 115452
1897 115767
1898 116207
1899 115196
1900 115705
1901 115900
1902 115295
1903 115684
1904 115784
1905 116540
1906 116182
1907 116221
1908 115911
1909 115518
1910 116713
1911 116696
1912 116956
1913 115266
1914 116657
1915 116918
1916 116373
1917 116710
1918 116050
1919 116285
1920 116313
1921 116989
1922 117111
1923 117363
1924 116085
1925 117896
1926 117504
1927 117266
1928 117266
1929 117324
1930 117981
1931 117165
1932 117406
1933 117723
1934 118217
1935 118527
1936 117791
1937 118230
1938 118380
1939 117335
1940 118551
1941 118611
1942 118639
1943 118788
1944 118690
1945 118804
1946 119129
1947 117920
1948 119084
1949 120078
1950 118513
1951 118351
1952 119587
1953 118576
1954 119148
1955 118531
1956 119291
1957 119438
1958 118993
1959 119431
1960 118890
1961 119008
1962 119469
1963 119736
1964 119379
1965 118877
1966 119179
1967 119741
1968 119357
1969 120913
1970 119664
1971 120394
1972 120649
1973 119790
1974 119496
1975 118239
1976 119660
1977 119225
1978 119206
1979 120704
1980 120667
1981 120410
1982 120514
1983 120219
1984 120505
1985 120514
1986 121971
1987 120839
1988 120665
1989 120405
1990 120413
1991 120387
1992 120864
1993 121616
1994 121234
1995 121126
1996 120892
1997 122195
1998 121838
1999 122097
2000 121766
2001 122610
2002 121844
2003 122138
2004 122153
2005 122753
2006 121099
2007 121489
2008 122947
2009 121413
2010 121310
2011 122474
2012 122381
2013 122663
2014 122656
2015 122680
2016 121767
2017 121962
2018 123774
2019 121589
2020 121776
2021 121858
2022 122724
2023 122322
2024 122478
2025 123951
2026 122866
2027 123504
2028 122577
2029 122757
2030 123672
2031 123098
2032 123797
2033 123740
2034 123504
2035 123831
2036 123258
2037 123460
2038 123377
2039 123544
2040 124055
2041 123537
2042 123273
2043 124050
2044 123736
2045 124198
2046 123649
2047 123988
2048 124378
