0 75
1 146
2 179
3 206
4 220
5 252
6 300
7 314
8 347
9 379
10 409
11 460
12 468
13 502
14 532
15 562
16 593
17 627
18 656
19 688
20 719
21 752
22 809
23 816
24 845
25 875
26 909
27 940
28 971
29 998
30 1031
31 1064
32 1638
33 1125
34 1156
35 1187
36 1218
37 1248
38 1280
39 1313
40 1343
41 1373
42 1406
43 1537
44 1469
45 1502
46 1530
47 1562
48 1595
49 1624
50 1656
51 1688
52 1719
53 1752
54 1780
55 1811
56 1844
57 1874
58 2169
59 1938
60 1967
61 2000
62 2032
63 2061
64 2094
65 2123
66 2155
67 2187
68 2215
69 2252
70 2280
71 2310
72 2342
73 2373
74 2403
75 2436
76 2466
77 2742
78 2531
79 2563
80 2592
81 2624
82 2655
83 2688
84 2717
85 2752
86 2892
87 2810
88 2847
89 2877
90 2904
91 2940
92 3338
93 2999
94 3030
95 3061
96 3092
97 3124
98 3155
99 3186
100 3216
101 3247
102 3280
103 3311
104 3344
105 3374
106 3689
107 3434
108 3467
109 3499
110 3528
111 3560
112 3591
113 3623
114 3654
115 3685
116 3715
117 3748
118 4234
119 3810
120 3841
121 3872
122 3904
123 3935
124 3965
125 4035
126 4028
127 4059
128 4091
129 4411
130 4153
131 4183
132 4216
133 4247
134 4277
135 4309
136 4340
137 4370
138 4403
139 4633
140 4466
141 4497
142 4529
143 4559
144 4590
145 4622
146 4652
147 4686
148 4717
149 4748
150 4775
151 4808
152 4840
153 4872
154 4902
155 4932
156 4964
157 4996
158 5865
159 5057
160 5091
161 5118
162 5152
163 5182
164 5218
165 5245
166 5511
167 5306
168 5339
169 5370
170 5400
171 5632
172 5466
173 5495
174 5768
175 5558
176 5590
177 5620
178 5650
179 5680
180 5716
181 5744
182 6055
183 5807
184 5841
185 5867
186 5904
187 5931
188 5965
189 6205
190 6026
191 6060
192 6086
193 6122
194 6150
195 6183
196 6215
197 6449
198 6276
199 6307
200 6338
201 6371
202 6401
203 6433
204 6706
205 6494
206 6525
207 6558
208 6585
209 6619
210 6651
211 6682
212 6715
213 6743
214 6776
215 6809
216 6838
217 7034
218 6900
219 6932
220 6963
221 6994
222 7029
223 7058
224 7088
225 7118
226 7151
227 7181
228 7214
229 7242
230 7427
231 7305
232 7335
233 7371
234 7399
235 7429
236 7619
237 7493
238 7525
239 7553
240 7586
241 7617
242 7828
243 7679
244 7714
245 7743
246 7772
247 7805
248 7997
249 7867
250 7899
251 7929
252 7962
253 8141
254 8023
255 8130
256 8083
257 8118
258 8150
259 8362
260 8213
261 8244
262 8277
263 8308
264 8503
265 8369
266 8401
267 8430
268 8464
269 8493
270 8669
271 8557
272 8590
273 8622
274 8651
275 8860
276 8715
277 8748
278 8778
279 8809
280 9004
281 8872
282 8901
283 8932
284 8962
285 9142
286 9027
287 9053
288 9091
289 9121
290 9520
291 9177
292 9210
293 9243
294 9273
295 9456
296 9338
297 9370
298 9400
299 9431
300 9626
301 9490
302 9525
303 9552
304 9777
305 9618
306 9652
307 9679
308 9713
309 9895
310 9775
311 9801
312 9836
313 9867
314 10060
315 9926
316 9958
317 9993
318 10214
319 10051
320 10085
321 10118
322 10148
323 10368
324 10209
325 10238
326 10271
327 10508
328 10335
329 10366
330 10398
331 10678
332 10461
333 10489
334 10524
335 10549
336 10757
337 10618
338 10647
339 10680
340 10904
341 10741
342 10961
343 10804
344 11110
345 10866
346 10895
347 10929
348 11116
349 10991
350 11019
351 11056
352 11223
353 11115
354 11145
355 11180
356 11211
357 11321
358 11274
359 11304
360 11336
361 11372
362 11396
363 11431
364 11596
365 11494
366 11527
367 11558
368 11773
369 11617
370 11648
371 11689
372 11874
373 11738
374 11771
375 11808
376 11985
377 11866
378 11898
379 11929
380 12142
381 12066
382 12022
383 12054
384 12249
385 12114
386 12143
387 12333
388 12209
389 12242
390 12271
391 12543
392 12334
393 12365
394 12397
395 12690
396 12458
397 12493
398 12679
399 12555
400 12585
401 12614
402 12827
403 12679
404 12708
405 12734
406 12934
407 12804
408 12833
409 13006
410 12898
411 12928
412 12960
413 13165
414 13022
415 13055
416 13413
417 13118
418 13146
419 13177
420 13370
421 13240
422 13270
423 13490
424 13333
425 13365
426 13543
427 13498
428 13459
429 13493
430 13690
431 13555
432 13585
433 13806
434 13651
435 13677
436 13710
437 13743
438 13774
439 13806
440 13986
441 13863
442 13897
443 14108
444 13958
445 13989
446 14178
447 14053
448 14083
449 14113
450 14339
451 14177
452 14209
453 14494
454 14273
455 14305
456 14525
457 14367
458 14395
459 14604
460 14458
461 14490
462 14772
463 14555
464 14585
465 14817
466 14646
467 14675
468 14707
469 14741
470 14770
471 14804
472 15017
473 14863
474 14894
475 15077
476 14963
477 14990
478 15397
479 15055
480 15087
481 15314
482 15145
483 15175
484 15353
485 15237
486 15269
487 15446
488 15333
489 15362
490 15607
491 15423
492 15458
493 15632
494 15522
495 15552
496 15739
497 15613
498 15816
499 15674
500 15708
501 15880
502 15772
503 15802
504 15985
505 15864
506 15898
507 16108
508 15958
509 15989
510 16181
511 16166
512 16084
513 16255
514 16149
515 16174
516 16384
517 16239
518 16425
519 16307
520 16335
521 16521
522 16396
523 16426
524 16650
525 16489
526 16520
527 16695
528 16583
529 16612
530 16648
531 16679
532 16910
533 16745
534 16770
535 16947
536 16836
537 16863
538 17050
539 16929
540 17136
541 16992
542 17024
543 17207
544 17087
545 17117
546 17295
547 17183
548 17496
549 17246
550 17273
551 17472
552 17338
553 17366
554 17541
555 17429
556 17635
557 17496
558 17521
559 17719
560 17587
561 17617
562 17651
563 17682
564 17902
565 17748
566 17777
567 17954
568 17839
569 18009
570 17899
571 17935
572 18147
573 17994
574 18174
575 18058
576 18091
577 18293
578 18149
579 18371
580 18212
581 18243
582 18426
583 18309
584 18490
585 18368
586 18404
587 18606
588 18469
589 18643
590 18527
591 18557
592 18830
593 18619
594 18825
595 18684
596 18713
597 18899
598 18774
599 19070
600 18844
601 18872
602 18906
603 18934
604 19126
605 18997
606 19177
607 19063
608 19095
609 19311
610 19154
611 19403
612 19220
613 19248
614 19280
615 19310
616 19532
617 19373
618 19557
619 19439
620 19469
621 19687
622 19535
623 19813
624 19600
625 19813
626 19661
627 19692
628 19888
629 19754
630 20015
631 19813
632 20036
633 19879
634 19909
635 19943
636 19969
637 20279
638 20035
639 20222
640 20099
641 20267
642 20159
643 20194
644 20393
645 20252
646 20435
647 20321
648 20490
649 20382
650 20600
651 20443
652 20472
653 20643
654 20538
655 20710
656 20600
657 20811
658 20663
659 20838
660 20726
661 20753
662 20791
663 20822
664 21032
665 20885
666 21056
667 20945
668 21220
669 21008
670 21221
671 21073
672 21260
673 21135
674 21167
675 21333
676 21229
677 21432
678 21293
679 21476
680 21356
681 21525
682 21416
683 21949
684 21480
685 21657
686 21542
687 21705
688 21605
689 21633
690 21667
691 21694
692 21884
693 21758
694 21944
695 21821
696 22041
697 21979
698 22062
699 21948
700 22128
701 22010
702 22217
703 22073
704 22261
705 22138
706 22342
707 22199
708 22407
709 22261
710 22448
711 22322
712 22488
713 22387
714 22586
715 22448
716 22480
717 22515
718 22543
719 22710
720 22605
721 22941
722 22669
723 22849
724 22732
725 22898
726 22795
727 23007
728 22859
729 23037
730 22922
731 23101
732 22985
733 23191
734 23052
735 23221
736 23112
737 23287
738 23175
739 23537
740 23235
741 23270
742 23297
743 23327
744 23523
745 23397
746 23576
747 23457
748 23625
749 23519
750 23733
751 23580
752 23757
753 23642
754 23854
755 23706
756 23978
757 23767
758 23988
759 23825
760 24026
761 23890
762 24161
763 23951
764 24174
765 24019
766 24197
767 24161
768 24409
769 24144
770 24176
771 24380
772 24236
773 24467
774 24304
775 24489
776 24365
777 24534
778 24423
779 24629
780 24488
781 24674
782 24549
783 24717
784 24612
785 24825
786 24822
787 24704
788 24903
789 24770
790 24997
791 24832
792 25012
793 24896
794 25074
795 24956
796 25162
797 25020
798 25053
799 25241
800 25114
801 25331
802 25176
803 25379
804 25242
805 25412
806 25305
807 25524
808 25515
809 25395
810 25566
811 25457
812 25669
813 25522
814 25697
815 25583
816 25842
817 25835
818 25677
819 25848
820 25737
821 25909
822 25803
823 26039
824 25864
825 25896
826 26073
827 25955
828 26162
829 26019
830 26192
831 26084
832 26264
833 26314
834 26178
835 26353
836 26241
837 26404
838 26304
839 26499
840 26514
841 26398
842 26558
843 26453
844 26667
845 26523
846 26555
847 26714
848 26615
849 26829
850 26677
851 31178
852 26939
853 26774
854 26975
855 26836
856 27159
857 27042
858 26928
859 27269
860 26991
861 27177
862 27181
863 27083
864 27299
865 27151
866 27374
867 27206
868 27551
869 27511
870 27302
871 27500
872 27365
873 27581
874 27670
875 27459
876 28047
877 27521
878 27720
879 27771
880 27621
881 28128
882 27684
883 48371
884 28198
885 28238
886 27807
887 27983
888 28049
889 27900
890 28078
891 27960
892 28127
893 28318
894 28052
895 28234
896 28115
897 28288
898 28369
899 28211
900 28620
901 28277
902 28311
903 28519
904 28370
905 28554
906 28580
907 28462
908 28661
909 28520
910 28701
911 28733
912 28618
913 28820
914 28826
915 28712
916 28871
917 28776
918 28988
919 28985
920 28871
921 29042
922 29104
923 29972
924 29369
925 29025
926 29055
927 29264
928 29117
929 29294
930 29314
931 29208
932 29432
933 29417
934 29306
935 29485
936 29366
937 29397
938 29598
939 29555
940 29746
941 29718
942 29556
943 29743
944 29756
945 29648
946 29851
947 29873
948 29742
949 29914
950 29808
951 29830
952 30011
953 29901
954 30071
955 30141
956 29999
957 30176
958 30367
959 30091
960 30305
961 30294
962 30179
963 30365
964 30425
965 30273
966 30492
967 30517
968 30365
969 30643
970 30622
971 30461
972 30670
973 30761
974 30553
975 30748
976 30773
977 30645
978 31009
979 30859
980 30741
981 30903
982 30987
983 30834
984 31016
985 31045
986 30928
987 31135
988 31172
989 31021
990 31198
991 31273
992 31117
993 31297
994 31325
995 31204
996 31413
997 31419
998 31306
999 31512
1000 31564
1001 31401
1002 31427
1003 31595
1004 31710
1005 31526
1006 31701
1007 31726
1008 31621
1009 31817
1010 31817
1011 31706
1012 31900
1013 31947
1014 31809
1015 32171
1016 32009
1017 32070
1018 31927
1019 32107
1020 32124
1021 32020
1022 32224
1023 32339
1024 32121
1025 32289
1026 32357
1027 32209
1028 32242
1029 32405
1030 32482
1031 32337
1032 32510
1033 32544
1034 32432
1035 32633
1036 32662
1037 32667
1038 32554
1039 32857
1040 32766
1041 32651
1042 32817
1043 32878
1044 32882
1045 32782
1046 32939
1047 33115
1048 32871
1049 33058
1050 33156
1051 33263
1052 32996
1053 33176
1054 33197
1055 33089
1056 33361
1057 33347
1058 33365
1059 33212
1060 33457
1061 33458
1062 33309
1063 33342
1064 33545
1065 33546
1066 33434
1067 33606
1068 33660
1069 33670
1070 33556
1071 33726
1072 33797
1073 33654
1074 33684
1075 33843
1076 33922
1077 33777
1078 33944
1079 33975
1080 34033
1081 33902
1082 34067
1083 34101
1084 34239
1085 34022
1086 34409
1087 34241
1088 34294
1089 34148
1090 34319
1091 34339
1092 34409
1093 34274
1094 34443
1095 34469
1096 34368
1097 34401
1098 34568
1099 34592
1100 34488
1101 34524
1102 34694
1103 34723
1104 34615
1105 34651
1106 34811
1107 34843
1108 34907
1109 34861
1110 34962
1111 34974
1112 35038
1113 34898
1114 35076
1115 35092
1116 35164
1117 35026
1118 35317
1119 35219
1120 35292
1121 35146
1122 35321
1123 35353
1124 35409
1125 35273
1126 35311
1127 35476
1128 35540
1129 35580
1130 35434
1131 35640
1132 35715
1133 35687
1134 35557
1135 35754
1136 35828
1137 35934
1138 35683
1139 35713
1140 35973
1141 35962
1142 35970
1143 35833
1144 36084
1145 36074
1146 36107
1147 36117
1148 35991
1149 36279
1150 36304
1151 36275
1152 36117
1153 36286
1154 36310
1155 36377
1156 36384
1157 36273
1158 36437
1159 36507
1160 36503
1161 36529
1162 36430
1163 36633
1164 36626
1165 36659
1166 36553
1167 36588
1168 36754
1169 36785
1170 36847
1171 36710
1172 36744
1173 36926
1174 36988
1175 36977
1176 36866
1177 36900
1178 37095
1179 37096
1180 37127
1181 37023
1182 37056
1183 37226
1184 37251
1185 37325
1186 37321
1187 37212
1188 37376
1189 37440
1190 37443
1191 37473
1192 37370
1193 37569
1194 37573
1195 37592
1196 37665
1197 37521
1198 37560
1199 37721
1200 37789
1201 37785
1202 37810
1203 37711
1204 37907
1205 37908
1206 37941
1207 37998
1208 37862
1209 37961
1210 38067
1211 38132
1212 38310
1213 38264
1214 38058
1215 38260
1216 38257
1217 38444
1218 38423
1219 38389
1220 38246
1221 38428
1222 38530
1223 38507
1224 38873
1225 38594
1226 38429
1227 38602
1228 38958
1229 38694
1230 38691
1231 38723
1232 38619
1233 38822
1234 38818
1235 38838
1236 38908
1237 38913
1238 38806
1239 38841
1240 39041
1241 39038
1242 39169
1243 39148
1244 39133
1245 39027
1246 39196
1247 39302
1248 39253
1249 39291
1250 39404
1251 39384
1252 39245
1253 39452
1254 39509
1255 39509
1256 39541
1257 39581
1258 39432
1259 39461
1260 39621
1261 39692
1262 39688
1263 39716
1264 39790
1265 39781
1266 39679
1267 39848
1268 39907
1269 39912
1270 39957
1271 40108
1272 40009
1273 39900
1274 40098
1275 40191
1276 40166
1277 40170
1278 40268
1279 40357
1280 40312
1281 40143
1282 40347
1283 40344
1284 40363
1285 40441
1286 40449
1287 40469
1288 40527
1289 40397
1290 40570
1291 40628
1292 40869
1293 40706
1294 40717
1295 40811
1296 40788
1297 40646
1298 40684
1299 40877
1300 40984
1301 40910
1302 40975
1303 40968
1304 41007
1305 41060
1306 40927
1307 41092
1308 41127
1309 41186
1310 41195
1311 41207
1312 41285
1313 41285
1314 41305
1315 41206
1316 41244
1317 41421
1318 41442
1319 41511
1320 41517
1321 41530
1322 41617
1323 41594
1324 41625
1325 41521
1326 41562
1327 41717
1328 41835
1329 41820
1330 41825
1331 41835
1332 41901
1333 41908
1334 41936
1335 41832
1336 41866
1337 42029
1338 42053
1339 42125
1340 42128
1341 42155
1342 42217
1343 42221
1344 42244
1345 42311
1346 42318
1347 42207
1348 42244
1349 42759
1350 42688
1351 42469
1352 42545
1353 42533
1354 42582
1355 42710
1356 42622
1357 42653
1358 42739
1359 42812
1360 42617
1361 42652
1362 42892
1363 42998
1364 42884
1365 42999
1366 44150
1367 43020
1368 43032
1369 43017
1370 43052
1371 43123
1372 43115
1373 43141
1374 43212
1375 43086
1376 43241
1377 43268
1378 43340
1379 43444
1380 43406
1381 43433
1382 43560
1383 43477
1384 43535
1385 43524
1386 43551
1387 43622
1388 43616
1389 43650
1390 43712
1391 43707
1392 43618
1393 43646
1394 43845
1395 43834
1396 43864
1397 43933
1398 43931
1399 43973
1400 44066
1401 44045
1402 44058
1403 44121
1404 44114
1405 44240
1406 44213
1407 44206
1408 44452
1409 44310
1410 44310
1411 44331
1412 44402
1413 44274
1414 44303
1415 44337
1416 44523
1417 44563
1418 44577
1419 44630
1420 44611
1421 44815
1422 44835
1423 44734
1424 44741
1425 44811
1426 44843
1427 44867
1428 44930
1429 44907
1430 45111
1431 45039
1432 44991
1433 45017
1434 45233
1435 45086
1436 45110
1437 45186
1438 45174
1439 45209
1440 45274
1441 45269
1442 45303
1443 45372
1444 45360
1445 45400
1446 45464
1447 45460
1448 45488
1449 45554
1450 45669
1451 45595
1452 45668
1453 45646
1454 45555
1455 45591
1456 45624
1457 45652
1458 45685
1459 45717
1460 45753
1461 45777
1462 45810
1463 46009
1464 46018
1465 46083
1466 46077
1467 46092
1468 46163
1469 46147
1470 46184
1471 46250
1472 46245
1473 46274
1474 46348
1475 46358
1476 46376
1477 46433
1478 46433
1479 46465
1480 46373
1481 46401
1482 47090
1483 46593
1484 46751
1485 46692
1486 46684
1487 46717
1488 46786
1489 46934
1490 46946
1491 47159
1492 46893
1493 46921
1494 47569
1495 47081
1496 47015
1497 47469
1498 67148
1499 47618
1500 47163
1501 47270
1502 47183
1503 47255
1504 47239
1505 47277
1506 47344
1507 47337
1508 47370
1509 47535
1510 47437
1511 47342
1512 47472
1513 47525
1514 47599
1515 47581
1516 47624
1517 47683
1518 47680
1519 47707
1520 47780
1521 47776
1522 47812
1523 48549
1524 48194
1525 47913
1526 46306
1527 46876
1528 47054
1529 47064
1530 46563
1531 47252
1532 46513
1533 48667
1534 46184
1535 48035
1536 46595
1537 47823
1538 47194
1539 48477
1540 47337
1541 48086
1542 46421
1543 48634
1544 48121
1545 48942
1546 47799
1547 46232
1548 49075
1549 47206
1550 49197
1551 46680
1552 48240
1553 48307
1554 47831
1555 47307
1556 48599
1557 47579
1558 47607
1559 47771
1560 48139
1561 48068
1562 47038
1563 49080
1564 47771
1565 48590
1566 47063
1567 49595
1568 47845
1569 48782
1570 48154
1571 48439
1572 49774
1573 48991
1574 47172
1575 48929
1576 48006
1577 48793
1578 47891
1579 49132
1580 49181
1581 49858
1582 48775
1583 48303
1584 50051
1585 47711
1586 49321
1587 48436
1588 49247
1589 48592
1590 49404
1591 48473
1592 49561
1593 48824
1594 50564
1595 48956
1596 50584
1597 49022
1598 49233
1599 50469
1600 48152
1601 49713
1602 48858
1603 49699
1604 48195
1605 49996
1606 49915
1607 49880
1608 49536
1609 50238
1610 49089
1611 49851
1612 49604
1613 49172
1614 50108
1615 49524
1616 50973
1617 49385
1618 50198
1619 48236
1620 51185
1621 49439
1622 49854
1623 49434
1624 50096
1625 51164
1626 48785
1627 50401
1628 49701
1629 50419
1630 48977
1631 50573
1632 50641
1633 50356
1634 49449
1635 50718
1636 50036
1637 50418
1638 50720
1639 50326
1640 51138
1641 50076
1642 50926
1643 50051
1644 50734
1645 49845
1646 51842
1647 50536
1648 50290
1649 51046
1650 50196
1651 52045
1652 49587
1653 51304
1654 51312
1655 50795
1656 50517
1657 51020
1658 51623
1659 49870
1660 51375
1661 50643
1662 53671
1663 49894
1664 51956
1665 50916
1666 50667
1667 52509
1668 50793
1669 51600
1670 50110
1671 53276
1672 50967
1673 51592
1674 51910
1675 51704
1676 51837
1677 50280
1678 51915
1679 51047
1680 52031
1681 50447
1682 52477
1683 52218
1684 50920
1685 52094
1686 51288
1687 53836
1688 50827
1689 52388
1690 51512
1691 51620
1692 52835
1693 51463
1694 52332
1695 50883
1696 54067
1697 51739
1698 52182
1699 52657
1700 52180
1701 52500
1702 51103
1703 52645
1704 51928
1705 53546
1706 51698
1707 52673
1708 53585
1709 51280
1710 52912
1711 52560
1712 53929
1713 51771
1714 53108
1715 52935
1716 51478
1717 54010
1718 54108
1719 53790
1720 52086
1721 53532
1722 53134
1723 52610
1724 53282
1725 52658
1726 53646
1727 52341
1728 53402
1729 53720
1730 52761
1731 53480
1732 53713
1733 53315
1734 52773
1735 53268
1736 53969
1737 52198
1738 54329
1739 54068
1740 54168
1741 54312
1742 52913
1743 53732
1744 53842
1745 54256
1746 52958
1747 53017
1748 53968
1749 53128
1750 55434
1751 53411
1752 55353
1753 53686
1754 53391
1755 54147
1756 54859
1757 54314
1758 53312
1759 54064
1760 54244
1761 54607
1762 55170
1763 54704
1764 53879
1765 55358
1766 53599
1767 54459
1768 52775
1769 55141
1770 53984
1771 53951
1772 54677
1773 54288
1774 55870
1775 53808
1776 55605
1777 54771
1778 54207
1779 55236
1780 55266
1781 54198
1782 55057
1783 54937
1784 56610
1785 53721
1786 55926
1787 55068
1788 53485
1789 55748
1790 54620
1791 55070
1792 55253
1793 55232
1794 55247
1795 55428
1796 55777
1797 55347
1798 53887
1799 56323
1800 54898
1801 56108
1802 55203
1803 55628
1804 55969
1805 54430
1806 56105
1807 55630
1808 54957
1809 55746
1810 56127
1811 55452
1812 55843
1813 54965
1814 56449
1815 54382
1816 56362
1817 55941
1818 55346
1819 56609
1820 55565
1821 55570
1822 56128
1823 55747
1824 57262
1825 55915
1826 56315
1827 58060
1828 54693
1829 56777
1830 55869
1831 56313
1832 56534
1833 57488
1834 57456
1835 56961
1836 55642
1837 57985
1838 55140
1839 57117
1840 56615
1841 55963
1842 57569
1843 56350
1844 56097
1845 57247
1846 56473
1847 56999
1848 56702
1849 56466
1850 57742
1851 55885
1852 57485
1853 57021
1854 55526
1855 58845
1856 57650
1857 57395
1858 57172
1859 56984
1860 58149
1861 56810
1862 56425
1863 57759
1864 56936
1865 58482
1866 57356
1867 56684
1868 58921
1869 56881
1870 56872
1871 57575
1872 58082
1873 57103
1874 57636
1875 57638
1876 58019
1877 57004
1878 58263
1879 57751
1880 56742
1881 58217
1882 58705
1883 56403
1884 58594
1885 58200
1886 56723
1887 58061
1888 57642
1889 57680
1890 58123
1891 58830
1892 58490
1893 60090
1894 59463
1895 59635
1896 59236
1897 58903
1898 58308
1899 57360
1900 58834
1901 59325
1902 56969
1903 59123
1904 58155
1905 58678
1906 59313
1907 58264
1908 57893
1909 59622
1910 58713
1911 58482
1912 58746
1913 58821
1914 59193
1915 59162
1916 58003
1917 59967
1918 57793
1919 58971
1920 58920
1921 58316
1922 59704
1923 59930
1924 57628
1925 60734
1926 58689
1927 59121
1928 60114
1929 58966
1930 58321
1931 60238
1932 59062
1933 58955
1934 59747
1935 81712
1936 58718
1937 60335
1938 59428
1939 58554
1940 59662
1941 59685
1942 60115
1943 59854
1944 61553
1945 59459
1946 60212
1947 59555
1948 60760
1949 59847
1950 58966
1951 60344
1952 60339
1953 59107
1954 60911
1955 59176
1956 60652
1957 60575
1958 59865
1959 60075
1960 60157
1961 59175
1962 60828
1963 61034
1964 59760
1965 63158
1966 61304
1967 59595
1968 61058
1969 60872
1970 59541
1971 61443
1972 60457
1973 60669
1974 61560
1975 61111
1976 59195
1977 62876
1978 60650
1979 60009
1980 61868
1981 60319
1982 59309
1983 62338
1984 60723
1985 60178
1986 61772
1987 61734
1988 59859
1989 61928
1990 60883
1991 60943
1992 61790
1993 61912
1994 60291
1995 62659
1996 61091
1997 60413
1998 61903
1999 61073
2000 62555
2001 61966
2002 61313
2003 60592
2004 62870
2005 61367
2006 61622
2007 62021
2008 62363
2009 60721
2010 62130
2011 62464
2012 61735
2013 62311
2014 62573
2015 60744
2016 63357
2017 61705
2018 60875
2019 62667
2020 61827
2021 61755
2022 62827
2023 61935
2024 60957
2025 63902
2026 62024
2027 61405
2028 63170
2029 63015
2030 61172
2031 63446
2032 62229
2033 61599
2034 63490
2035 63228
2036 61290
2037 63604
2038 62432
2039 62403
2040 64123
2041 62496
2042 62824
2043 63602
2044 63004
2045 62799
2046 63929
2047 62718
2048 63865
